2.48e-07
2.22167e-07
2.26042e-07
2.29917e-07
2.31854e-07
2.33792e-07
2.2475e-07
2.21521e-07
2.22167e-07
2.19583e-07
2.19583e-07
2.16354e-07
2.0925e-07
2.08604e-07
2.08604e-07
2.06667e-07
2.06021e-07
1.98917e-07
1.9375e-07
2.04083e-07
2.05375e-07
2.04729e-07
1.98271e-07
1.93104e-07
1.95688e-07
1.9375e-07
1.94396e-07
1.82771e-07
1.84708e-07
1.91812e-07
1.90521e-07
1.92458e-07
1.88583e-07
1.90521e-07
1.86e-07
1.81479e-07
1.78896e-07
1.81479e-07
1.84708e-07
1.80833e-07
1.80187e-07
1.71146e-07
1.80833e-07
1.80833e-07
1.6275e-07
1.64687e-07
1.63396e-07
1.7825e-07
1.84062e-07
1.73729e-07
1.67271e-07
1.58229e-07
1.61458e-07
1.6275e-07
1.71792e-07
1.60167e-07
1.4725e-07
1.61458e-07
1.64042e-07
1.55e-07
1.45312e-07
1.49833e-07
1.58875e-07
1.62104e-07
1.53062e-07
1.48542e-07
1.51771e-07
1.47896e-07
1.51125e-07
1.51125e-07
1.46604e-07
1.42729e-07
1.34979e-07
1.38208e-07
1.40792e-07
1.30458e-07
1.41437e-07
1.45312e-07
1.31104e-07
1.33687e-07
1.26583e-07
1.24646e-07
1.32396e-07
1.22062e-07
1.15604e-07
1.22708e-07
1.27875e-07
1.14958e-07
1.12375e-07
1.17542e-07
9.94583e-08
9.42917e-08
9.55833e-08
1.05271e-07
1.06562e-07
9.3e-08
9.17083e-08
9.36458e-08
8.65417e-08
7.62083e-08
9.36458e-08
8.84792e-08
7.81458e-08
8.46042e-08
8.46042e-08
1.0075e-07
9.17083e-08
9.6875e-08
9.94583e-08
8.9125e-08
9.49375e-08
7.81458e-08
8.9125e-08
1.02042e-07
8.97708e-08
1.01396e-07
9.49375e-08
8.84792e-08
1.05271e-07
1.0075e-07
9.6875e-08
9.94583e-08
9.88125e-08
9.75208e-08
1.07854e-07
1.15604e-07
1.02687e-07
1.01396e-07
1.05917e-07
1.11083e-07
1.06562e-07
1.04625e-07
1.02687e-07
9.88125e-08
1.06562e-07
1.02042e-07
1.11083e-07
1.09792e-07
1.10437e-07
1.14958e-07
1.15604e-07
1.27229e-07
1.24e-07
1.25292e-07
1.30458e-07
1.44021e-07
1.36271e-07
1.37562e-07
1.45958e-07
1.45958e-07
1.4725e-07
1.3175e-07
1.40792e-07
1.34333e-07
1.38854e-07
1.51771e-07
1.51771e-07
1.42729e-07
1.45958e-07
1.55646e-07
1.42083e-07
1.56292e-07
1.43375e-07
1.56292e-07
1.64687e-07
1.42729e-07
1.62104e-07
1.58229e-07
1.69854e-07
1.67271e-07
1.64042e-07
1.69208e-07
1.6275e-07
1.705e-07
1.57583e-07
1.65333e-07
1.65333e-07
1.69208e-07
1.67917e-07
1.46604e-07
1.60812e-07
1.59521e-07
1.63396e-07
1.60167e-07
1.4725e-07
1.60812e-07
1.59521e-07
1.52417e-07
1.60167e-07
1.53062e-07
1.40146e-07
1.50479e-07
1.41437e-07
1.36917e-07
1.42083e-07
1.44667e-07
1.42083e-07
1.32396e-07
1.38208e-07
1.25292e-07
1.29167e-07
1.36271e-07
1.30458e-07
1.38208e-07
1.35625e-07
1.33042e-07
1.37562e-07
1.45312e-07
1.38208e-07
1.395e-07
1.42729e-07
1.29167e-07
1.22708e-07
1.32396e-07
1.49187e-07
1.40146e-07
1.31104e-07
1.31104e-07
1.40146e-07
1.42083e-07
1.38208e-07
1.40146e-07
1.27875e-07
1.38854e-07
1.35625e-07
1.25938e-07
1.31104e-07
1.29812e-07
1.395e-07
1.38208e-07
1.43375e-07
1.41437e-07
1.42083e-07
1.4725e-07
1.32396e-07
1.36917e-07
1.40146e-07
1.38208e-07
1.37562e-07
1.36271e-07
1.34333e-07
1.27875e-07
1.36271e-07
1.43375e-07
1.42083e-07
1.43375e-07
1.36271e-07
1.30458e-07
1.43375e-07
1.32396e-07
1.36917e-07
1.44667e-07
1.36917e-07
1.54354e-07
1.4725e-07
1.36917e-07
1.46604e-07
1.55e-07
1.52417e-07
1.45312e-07
1.56292e-07
1.72437e-07
1.75021e-07
1.69208e-07
1.65333e-07
1.76312e-07
1.86646e-07
1.74375e-07
1.81479e-07
1.84062e-07
1.77604e-07
1.86646e-07
1.86646e-07
1.84062e-07
1.91167e-07
1.95042e-07
2.00854e-07
2.08604e-07
1.96979e-07
2.02792e-07
2.10542e-07
1.91812e-07
1.96333e-07
1.94396e-07
1.90521e-07
2.06667e-07
2.06021e-07
2.05375e-07
1.98271e-07
1.84708e-07
1.9375e-07
1.95688e-07
1.95042e-07
1.90521e-07
1.90521e-07
1.95688e-07
1.83417e-07
1.90521e-07
1.94396e-07
1.87292e-07
1.82125e-07
1.80187e-07
1.87937e-07
1.80187e-07
1.80187e-07
1.90521e-07
1.86646e-07
1.7825e-07
1.88583e-07
1.87937e-07
1.74375e-07
1.76958e-07
1.71792e-07
1.71792e-07
1.76312e-07
1.67271e-07
1.68562e-07
1.75667e-07
1.69208e-07
1.71146e-07
1.61458e-07
1.59521e-07
1.75667e-07
1.64042e-07
1.64687e-07
1.61458e-07
1.6275e-07
1.71146e-07
1.62104e-07
1.55e-07
1.57583e-07
1.75021e-07
1.59521e-07
1.62104e-07
1.67271e-07
1.55e-07
1.705e-07
1.65333e-07
1.61458e-07
1.60812e-07
1.55e-07
1.53062e-07
1.63396e-07
1.66625e-07
1.56292e-07
1.6275e-07
1.6275e-07
1.69208e-07
1.80187e-07
1.77604e-07
1.65979e-07
1.75667e-07
1.83417e-07
1.76958e-07
1.88583e-07
1.87292e-07
1.84062e-07
1.86646e-07
1.90521e-07
1.86e-07
1.7825e-07
1.89229e-07
1.9375e-07
2.05375e-07
2.02146e-07
1.87937e-07
2.02146e-07
2.00208e-07
1.9375e-07
2.15063e-07
2.12479e-07
2.13125e-07
2.20229e-07
2.05375e-07
2.26042e-07
2.31208e-07
2.19583e-07
2.25396e-07
2.25396e-07
2.29917e-07
2.325e-07
2.325e-07
2.35729e-07
2.44125e-07
2.26042e-07
2.17e-07
2.27979e-07
2.2475e-07
2.27979e-07
2.325e-07
2.29271e-07
2.33146e-07
2.33146e-07
2.14417e-07
2.18937e-07
2.26042e-07
2.24104e-07
2.29917e-07
2.14417e-07
2.06021e-07
2.16354e-07
2.07312e-07
2.015e-07
2.07312e-07
1.98917e-07
2.00854e-07
1.91812e-07
1.76958e-07
1.69854e-07
1.71146e-07
1.82125e-07
1.73083e-07
1.73729e-07
1.69854e-07
1.60167e-07
1.65333e-07
1.59521e-07
1.41437e-07
1.52417e-07
1.49187e-07
1.27229e-07
1.45312e-07
1.40792e-07
1.29167e-07
1.35625e-07
1.26583e-07
1.27875e-07
1.32396e-07
1.27229e-07
1.31104e-07
1.28521e-07
1.25938e-07
1.20771e-07
1.19479e-07
1.33687e-07
1.16896e-07
1.13667e-07
1.13021e-07
1.14958e-07
1.20125e-07
1.02687e-07
1.22708e-07
1.21417e-07
1.12375e-07
1.1625e-07
1.02687e-07
1.12375e-07
1.05271e-07
1.04625e-07
1.20125e-07
1.14312e-07
1.07208e-07
9.6875e-08
9.75208e-08
9.42917e-08
9.04167e-08
9.23542e-08
9.36458e-08
1.0075e-07
9.62292e-08
1.02042e-07
1.06562e-07
9.81667e-08
8.97708e-08
9.6875e-08
1.09792e-07
1.00104e-07
9.6875e-08
9.36458e-08
9.62292e-08
9.94583e-08
9.42917e-08
1.0075e-07
1.02042e-07
1.03333e-07
9.23542e-08
9.88125e-08
1.18833e-07
1.05271e-07
1.07208e-07
1.07854e-07
1.14312e-07
1.1625e-07
1.14312e-07
1.24e-07
1.1625e-07
1.20125e-07
1.13021e-07
1.25292e-07
1.31104e-07
1.16896e-07
1.31104e-07
1.38854e-07
1.42729e-07
1.38854e-07
1.35625e-07
1.37562e-07
1.43375e-07
1.53062e-07
1.54354e-07
1.61458e-07
1.67917e-07
1.69208e-07
1.75021e-07
1.77604e-07
1.75021e-07
1.78896e-07
1.75021e-07
1.81479e-07
1.94396e-07
1.82125e-07
1.87937e-07
2.03437e-07
1.9375e-07
1.85354e-07
1.95042e-07
1.91167e-07
1.87937e-07
1.95042e-07
1.91167e-07
1.96979e-07
1.96979e-07
1.89875e-07
1.95042e-07
1.88583e-07
1.82125e-07
1.84708e-07
1.91812e-07
1.9375e-07
1.87292e-07
1.7825e-07
1.80187e-07
1.9375e-07
1.95688e-07
1.9375e-07
1.9375e-07
2.00208e-07
2.015e-07
2.015e-07
1.98271e-07
1.93104e-07
2.04083e-07
2.04083e-07
2.06667e-07
2.07958e-07
2.02146e-07
2.07312e-07
2.11833e-07
2.07312e-07
2.09896e-07
2.09896e-07
2.07958e-07
2.23458e-07
2.22812e-07
2.26688e-07
2.24104e-07
2.15708e-07
2.27979e-07
2.18292e-07
2.13125e-07
2.13771e-07
2.18937e-07
2.26042e-07
2.06021e-07
2.07958e-07
2.17646e-07
1.99562e-07
1.97625e-07
2.07312e-07
2.04729e-07
2.11187e-07
2.0925e-07
2.06667e-07
2.23458e-07
2.20875e-07
2.13771e-07
2.11833e-07
2.015e-07
2.015e-07
2.04083e-07
2.04083e-07
2.07958e-07
2.06021e-07
1.95688e-07
1.95042e-07
2.04729e-07
1.97625e-07
2.00208e-07
2.20229e-07
2.05375e-07
1.88583e-07
1.95688e-07
1.97625e-07
1.96333e-07
1.92458e-07
1.88583e-07
1.85354e-07
1.85354e-07
1.89229e-07
1.76312e-07
1.77604e-07
1.84062e-07
1.82771e-07
1.77604e-07
1.67271e-07
1.73729e-07
1.67917e-07
1.64687e-07
1.60812e-07
1.64042e-07
1.67917e-07
1.63396e-07
1.59521e-07
1.56292e-07
1.64687e-07
1.51125e-07
1.63396e-07
1.6275e-07
1.49833e-07
1.55e-07
1.46604e-07
1.52417e-07
1.36917e-07
1.31104e-07
1.42729e-07
1.42083e-07
1.27229e-07
1.28521e-07
1.33687e-07
1.11729e-07
1.24646e-07
1.20125e-07
1.06562e-07
1.11083e-07
1.09146e-07
1.1625e-07
1.02687e-07
1.01396e-07
1.01396e-07
9.88125e-08
1.12375e-07
1.05917e-07
1.11729e-07
1.14958e-07
1.01396e-07
1.05917e-07
1.12375e-07
1.03333e-07
1.11083e-07
1.17542e-07
1.10437e-07
1.11729e-07
1.09146e-07
1.20771e-07
1.13667e-07
1.01396e-07
1.15604e-07
1.09792e-07
1.14958e-07
1.15604e-07
1.10437e-07
1.33687e-07
1.24646e-07
1.13667e-07
1.29812e-07
1.28521e-07
1.28521e-07
1.28521e-07
1.20771e-07
1.11729e-07
1.18187e-07
1.28521e-07
1.18187e-07
1.13667e-07
1.19479e-07
1.24646e-07
1.26583e-07
1.29812e-07
1.34979e-07
1.25292e-07
1.29812e-07
1.46604e-07
1.38854e-07
1.3175e-07
1.33042e-07
1.33687e-07
1.3175e-07
1.42083e-07
1.51771e-07
1.38854e-07
1.36917e-07
1.34979e-07
1.36917e-07
1.395e-07
1.42729e-07
1.54354e-07
1.49187e-07
1.51125e-07
1.49187e-07
1.42729e-07
1.4725e-07
1.58875e-07
1.56292e-07
1.52417e-07
1.65979e-07
1.61458e-07
1.65333e-07
1.64042e-07
1.58875e-07
1.63396e-07
1.63396e-07
1.705e-07
1.65979e-07
1.78896e-07
1.79542e-07
1.78896e-07
1.86646e-07
1.86e-07
1.87292e-07
1.7825e-07
1.86e-07
1.76312e-07
1.76312e-07
1.79542e-07
1.79542e-07
1.91812e-07
1.80833e-07
1.88583e-07
1.80187e-07
1.83417e-07
1.95042e-07
1.89229e-07
1.89229e-07
1.80187e-07
1.87292e-07
1.65979e-07
1.6275e-07
1.72437e-07
1.59521e-07
1.6275e-07
1.65333e-07
1.56937e-07
1.42729e-07
1.57583e-07
1.49833e-07
1.54354e-07
1.54354e-07
1.28521e-07
1.37562e-07
1.25292e-07
1.25292e-07
1.22062e-07
1.20771e-07
1.27875e-07
1.25938e-07
1.26583e-07
1.09146e-07
1.07208e-07
1.10437e-07
1.11083e-07
9.04167e-08
9.6875e-08
9.94583e-08
7.81458e-08
9.88125e-08
8.65417e-08
8.07292e-08
9.49375e-08
9.23542e-08
8.26667e-08
6.52292e-08
5.8125e-08
5.8125e-08
7.23333e-08
7.16875e-08
7.29792e-08
6.91042e-08
5.74792e-08
7.49167e-08
8.07292e-08
7.3625e-08
7.10417e-08
7.29792e-08
6.975e-08
7.03958e-08
6.84583e-08
7.03958e-08
8.525e-08
7.23333e-08
6.5875e-08
7.94375e-08
9.04167e-08
8.46042e-08
8.65417e-08
9.42917e-08
8.58958e-08
8.84792e-08
8.97708e-08
8.46042e-08
9.62292e-08
1.07854e-07
1.04625e-07
1.10437e-07
1.16896e-07
1.24e-07
1.27229e-07
1.20125e-07
1.33687e-07
1.44021e-07
1.44021e-07
1.44021e-07
1.47896e-07
1.55e-07
1.58875e-07
1.64687e-07
1.73083e-07
1.76958e-07
1.76312e-07
1.76312e-07
1.80187e-07
1.93104e-07
1.89229e-07
1.87292e-07
1.91167e-07
1.91812e-07
2.06667e-07
2.00208e-07
1.98271e-07
2.07312e-07
2.015e-07
2.07958e-07
2.02146e-07
1.96333e-07
2.0925e-07
1.95042e-07
1.93104e-07
2.15063e-07
2.08604e-07
2.02792e-07
2.16354e-07
2.07958e-07
2.02792e-07
2.13771e-07
2.11833e-07
2.07958e-07
2.07312e-07
2.11833e-07
1.96333e-07
2.00854e-07
2.20875e-07
2.02792e-07
2.00854e-07
2.06021e-07
2.015e-07
2.04083e-07
1.98271e-07
2.07312e-07
2.02146e-07
1.96979e-07
2.015e-07
1.95042e-07
1.99562e-07
1.90521e-07
1.98917e-07
2.05375e-07
2.02146e-07
2.11833e-07
2.00208e-07
2.10542e-07
2.17e-07
2.13125e-07
2.22812e-07
2.0925e-07
2.17646e-07
2.24104e-07
2.04083e-07
2.18292e-07
2.15708e-07
2.11833e-07
2.26042e-07
2.20229e-07
2.28625e-07
2.18937e-07
2.24104e-07
2.35083e-07
2.16354e-07
2.2475e-07
2.22812e-07
2.15063e-07
2.11833e-07
2.15063e-07
2.21521e-07
2.18292e-07
2.19583e-07
2.06021e-07
1.98917e-07
1.96979e-07
2.04083e-07
2.00854e-07
1.91167e-07
2.02792e-07
2.015e-07
2.03437e-07
2.03437e-07
2.015e-07
2.06667e-07
2.03437e-07
2.06021e-07
2.00208e-07
1.9375e-07
2.12479e-07
2.0925e-07
2.02792e-07
2.16354e-07
2.17646e-07
2.17646e-07
2.07958e-07
2.10542e-07
2.06667e-07
2.00854e-07
2.12479e-07
2.12479e-07
2.14417e-07
2.03437e-07
2.04729e-07
2.04729e-07
1.97625e-07
2.10542e-07
2.00208e-07
2.00854e-07
2.05375e-07
1.92458e-07
1.98271e-07
1.79542e-07
1.7825e-07
2.03437e-07
1.98271e-07
1.9375e-07
1.93104e-07
1.87937e-07
1.9375e-07
2.04729e-07
2.02146e-07
2.06667e-07
1.91812e-07
1.83417e-07
2.07312e-07
2.02792e-07
1.96979e-07
2.09896e-07
2.20875e-07
2.10542e-07
2.08604e-07
2.20229e-07
2.17e-07
2.13771e-07
2.12479e-07
2.20875e-07
2.17e-07
2.15063e-07
2.24104e-07
2.21521e-07
2.20229e-07
2.19583e-07
2.27333e-07
2.31854e-07
2.24104e-07
2.16354e-07
2.18292e-07
2.18937e-07
2.23458e-07
2.20875e-07
2.04083e-07
2.0925e-07
2.15708e-07
2.11833e-07
2.06021e-07
2.04729e-07
2.04083e-07
2.015e-07
2.00208e-07
2.03437e-07
2.07958e-07
2.08604e-07
2.13771e-07
2.02146e-07
2.11833e-07
2.14417e-07
1.98917e-07
2.07958e-07
2.08604e-07
2.08604e-07
1.96333e-07
2.00208e-07
2.06667e-07
2.03437e-07
2.02146e-07
1.92458e-07
1.95688e-07
1.9375e-07
1.97625e-07
1.95042e-07
1.96979e-07
2.09896e-07
1.98917e-07
1.97625e-07
2.06667e-07
2.07312e-07
1.95042e-07
1.89229e-07
1.99562e-07
1.98271e-07
1.84062e-07
1.9375e-07
2.00854e-07
1.96333e-07
1.96333e-07
1.89875e-07
1.84708e-07
1.76958e-07
1.80187e-07
1.86e-07
1.82771e-07
1.75667e-07
1.705e-07
1.76958e-07
1.7825e-07
1.72437e-07
1.64687e-07
1.56292e-07
1.60167e-07
1.57583e-07
1.53708e-07
1.56292e-07
1.44021e-07
1.53062e-07
1.65979e-07
1.46604e-07
1.35625e-07
1.395e-07
1.35625e-07
1.27875e-07
1.29167e-07
1.34333e-07
1.3175e-07
1.34979e-07
1.33687e-07
1.17542e-07
1.11083e-07
1.10437e-07
1.10437e-07
1.05917e-07
1.03333e-07
8.84792e-08
9.04167e-08
1.10437e-07
9.3e-08
9.10625e-08
9.10625e-08
7.03958e-08
6.52292e-08
6.84583e-08
7.75e-08
8.00833e-08
7.81458e-08
7.55625e-08
7.49167e-08
7.42708e-08
6.91042e-08
6.84583e-08
7.10417e-08
7.49167e-08
7.23333e-08
6.78125e-08
6.00625e-08
5.36042e-08
5.23125e-08
5.55417e-08
6.07083e-08
6.13542e-08
5.94167e-08
5.8125e-08
5.8125e-08
4.71458e-08
4.77917e-08
5.55417e-08
5.94167e-08
6.84583e-08
6.975e-08
5.425e-08
5.36042e-08
6.13542e-08
6.32917e-08
7.29792e-08
6.84583e-08
6.975e-08
8.00833e-08
8.39583e-08
8.26667e-08
8.65417e-08
8.84792e-08
8.97708e-08
9.36458e-08
8.33125e-08
1.04625e-07
1.12375e-07
8.78333e-08
1.05271e-07
1.11083e-07
9.88125e-08
1.04625e-07
1.03979e-07
1.14312e-07
1.09792e-07
1.07854e-07
1.20125e-07
1.19479e-07
1.16896e-07
1.13021e-07
1.22708e-07
1.20771e-07
1.29167e-07
1.24646e-07
1.01396e-07
1.13667e-07
1.11729e-07
1.09146e-07
1.14312e-07
1.19479e-07
1.19479e-07
9.81667e-08
1.04625e-07
1.15604e-07
1.23354e-07
1.13667e-07
1.00104e-07
1.11083e-07
1.06562e-07
1.14958e-07
1.09146e-07
1.07208e-07
1.22708e-07
1.10437e-07
1.10437e-07
1.05271e-07
1.02042e-07
9.3e-08
8.46042e-08
9.6875e-08
8.71875e-08
8.71875e-08
8.46042e-08
7.42708e-08
8.00833e-08
7.62083e-08
7.68542e-08
7.42708e-08
7.03958e-08
7.94375e-08
7.23333e-08
6.65208e-08
6.975e-08
6.13542e-08
7.68542e-08
7.87917e-08
6.5875e-08
7.10417e-08
6.52292e-08
8.26667e-08
8.9125e-08
8.1375e-08
9.3e-08
8.20208e-08
8.525e-08
8.84792e-08
9.23542e-08
1.00104e-07
9.3e-08
1.05917e-07
9.94583e-08
1.12375e-07
1.25292e-07
1.13021e-07
1.27229e-07
1.31104e-07
1.28521e-07
1.25938e-07
1.36917e-07
1.34333e-07
1.28521e-07
1.42083e-07
1.34333e-07
1.45312e-07
1.46604e-07
1.40792e-07
1.49187e-07
1.395e-07
1.34979e-07
1.36917e-07
1.4725e-07
1.4725e-07
1.48542e-07
1.53062e-07
1.44021e-07
1.51771e-07
1.48542e-07
1.67271e-07
1.76958e-07
1.53062e-07
1.56937e-07
1.65979e-07
1.75667e-07
1.75021e-07
1.77604e-07
1.67917e-07
1.74375e-07
1.91812e-07
1.86e-07
1.92458e-07
1.95042e-07
2.04083e-07
2.02792e-07
2.08604e-07
2.08604e-07
2.00854e-07
2.08604e-07
2.06667e-07
2.09896e-07
2.08604e-07
2.09896e-07
2.07312e-07
2.07958e-07
2.00854e-07
1.98271e-07
2.07958e-07
2.05375e-07
2.11187e-07
2.06667e-07
2.08604e-07
2.0925e-07
2.12479e-07
2.12479e-07
2.00208e-07
2.22812e-07
2.20229e-07
2.16354e-07
2.18937e-07
2.15063e-07
2.20229e-07
2.18292e-07
2.20875e-07
2.12479e-07
2.25396e-07
2.36375e-07
2.34437e-07
2.42833e-07
2.49938e-07
2.42187e-07
2.325e-07
2.45417e-07
2.44125e-07
2.40896e-07
2.4025e-07
2.45417e-07
2.47354e-07
2.35729e-07
2.47354e-07
2.49938e-07
2.44125e-07
2.53812e-07
2.61562e-07
2.57042e-07
2.48646e-07
2.57042e-07
2.58979e-07
2.60917e-07
2.70604e-07
2.53812e-07
2.62854e-07
2.74479e-07
2.68021e-07
2.7125e-07
2.64146e-07
2.64792e-07
2.60271e-07
2.56396e-07
2.69958e-07
2.68021e-07
2.45417e-07
2.49292e-07
2.61562e-07
2.57688e-07
2.55104e-07
2.52521e-07
2.53812e-07
2.58979e-07
2.68667e-07
2.56396e-07
2.61562e-07
2.72542e-07
2.64146e-07
2.79646e-07
2.61562e-07
2.45417e-07
2.50583e-07
2.51875e-07
2.55104e-07
2.38958e-07
2.43479e-07
2.37667e-07
2.26688e-07
2.325e-07
2.22812e-07
2.27979e-07
2.26688e-07
2.18292e-07
2.22167e-07
2.18292e-07
2.12479e-07
2.13771e-07
2.12479e-07
2.14417e-07
2.15708e-07
1.98917e-07
1.99562e-07
1.9375e-07
1.76312e-07
1.98917e-07
2.03437e-07
1.92458e-07
1.98271e-07
1.96979e-07
1.97625e-07
1.89875e-07
1.90521e-07
1.9375e-07
1.85354e-07
1.80833e-07
1.78896e-07
1.93104e-07
2.07958e-07
2.02146e-07
1.87292e-07
1.82125e-07
1.89229e-07
1.86646e-07
1.82771e-07
1.83417e-07
1.81479e-07
1.90521e-07
1.96979e-07
1.96333e-07
1.89875e-07
1.89229e-07
1.87292e-07
1.78896e-07
1.90521e-07
1.76958e-07
1.74375e-07
1.87292e-07
1.7825e-07
1.82125e-07
1.75667e-07
1.76312e-07
1.80833e-07
1.75667e-07
1.78896e-07
1.71792e-07
1.78896e-07
1.76312e-07
1.705e-07
1.78896e-07
1.73083e-07
1.79542e-07
1.71146e-07
1.77604e-07
1.82125e-07
1.56937e-07
1.72437e-07
1.69208e-07
1.79542e-07
1.86e-07
1.64042e-07
1.64687e-07
1.56937e-07
1.64687e-07
1.60167e-07
1.53708e-07
1.46604e-07
1.41437e-07
1.56937e-07
1.64687e-07
1.55646e-07
1.38208e-07
1.53062e-07
1.45312e-07
1.45312e-07
1.61458e-07
1.53062e-07
1.63396e-07
1.54354e-07
1.56292e-07
1.66625e-07
1.59521e-07
1.705e-07
1.65333e-07
1.6275e-07
1.67917e-07
1.66625e-07
1.74375e-07
1.78896e-07
1.82125e-07
1.73083e-07
1.68562e-07
1.7825e-07
1.85354e-07
1.86646e-07
1.75667e-07
1.79542e-07
1.78896e-07
1.82125e-07
1.82125e-07
1.58875e-07
1.6275e-07
1.60812e-07
1.55646e-07
1.64687e-07
1.6275e-07
1.64042e-07
1.60812e-07
1.45958e-07
1.4725e-07
1.56937e-07
1.43375e-07
1.43375e-07
1.47896e-07
1.37562e-07
1.33687e-07
1.23354e-07
1.29167e-07
1.37562e-07
1.26583e-07
1.22708e-07
1.17542e-07
1.13021e-07
1.15604e-07
1.19479e-07
1.18833e-07
1.12375e-07
1.12375e-07
1.13021e-07
1.23354e-07
1.15604e-07
1.11729e-07
1.19479e-07
1.13021e-07
1.18187e-07
1.12375e-07
1.09146e-07
1.14958e-07
1.18833e-07
1.11729e-07
1.22062e-07
1.28521e-07
1.12375e-07
1.28521e-07
1.24646e-07
1.18833e-07
1.14958e-07
1.02042e-07
1.20771e-07
1.18833e-07
9.81667e-08
1.00104e-07
1.09146e-07
1.03333e-07
1.02687e-07
1.06562e-07
1.04625e-07
1.02687e-07
8.84792e-08
8.9125e-08
9.75208e-08
1.0075e-07
9.55833e-08
8.9125e-08
9.88125e-08
9.55833e-08
1.01396e-07
9.6875e-08
8.78333e-08
1.0075e-07
1.03979e-07
1.085e-07
9.94583e-08
9.49375e-08
1.00104e-07
1.00104e-07
1.07854e-07
9.81667e-08
9.42917e-08
1.09146e-07
1.15604e-07
1.07208e-07
9.42917e-08
1.02687e-07
1.03333e-07
9.55833e-08
1.11083e-07
1.13667e-07
1.085e-07
1.09792e-07
1.01396e-07
1.085e-07
1.24646e-07
1.20125e-07
1.24e-07
1.22062e-07
1.05917e-07
1.05271e-07
1.02687e-07
9.36458e-08
9.42917e-08
1.01396e-07
1.02042e-07
9.42917e-08
8.46042e-08
8.525e-08
9.36458e-08
9.10625e-08
8.58958e-08
8.97708e-08
8.58958e-08
8.33125e-08
8.84792e-08
8.26667e-08
7.81458e-08
7.68542e-08
8.46042e-08
8.84792e-08
8.46042e-08
9.62292e-08
9.81667e-08
9.23542e-08
9.49375e-08
1.0075e-07
1.03333e-07
9.6875e-08
1.12375e-07
1.17542e-07
1.05917e-07
1.17542e-07
1.20125e-07
1.21417e-07
1.18833e-07
1.12375e-07
1.19479e-07
1.18833e-07
1.18187e-07
1.20125e-07
1.29812e-07
1.20771e-07
1.20125e-07
1.395e-07
1.31104e-07
1.27229e-07
1.20125e-07
1.1625e-07
1.1625e-07
1.18833e-07
1.27875e-07
1.19479e-07
1.27875e-07
1.22708e-07
1.05271e-07
1.16896e-07
1.18187e-07
1.07208e-07
1.03979e-07
1.18187e-07
1.19479e-07
1.02687e-07
1.13021e-07
1.11729e-07
1.12375e-07
1.25938e-07
1.16896e-07
1.22708e-07
1.30458e-07
1.35625e-07
1.34333e-07
1.33042e-07
1.395e-07
1.33687e-07
1.42083e-07
1.53708e-07
1.44667e-07
1.44021e-07
1.55646e-07
1.50479e-07
1.51771e-07
1.56292e-07
1.50479e-07
1.53708e-07
1.51125e-07
1.44667e-07
1.4725e-07
1.46604e-07
1.53708e-07
1.60167e-07
1.49833e-07
1.58229e-07
1.6275e-07
1.53062e-07
1.66625e-07
1.58229e-07
1.57583e-07
1.65979e-07
1.52417e-07
1.59521e-07
1.53062e-07
1.54354e-07
1.73729e-07
1.65979e-07
1.58229e-07
1.705e-07
1.69208e-07
1.73083e-07
1.84708e-07
1.83417e-07
1.92458e-07
1.9375e-07
1.91167e-07
1.96333e-07
1.98917e-07
2.06667e-07
2.03437e-07
1.97625e-07
2.12479e-07
2.06021e-07
2.02146e-07
2.24104e-07
2.22812e-07
2.26688e-07
2.35729e-07
2.28625e-07
2.18292e-07
2.21521e-07
2.29917e-07
2.26042e-07
2.38958e-07
2.44125e-07
2.325e-07
2.36375e-07
2.40896e-07
2.40896e-07
2.47354e-07
2.44771e-07
2.35083e-07
2.42187e-07
2.31854e-07
2.33146e-07
2.51875e-07
2.35729e-07
2.34437e-07
2.40896e-07
2.33792e-07
2.40896e-07
2.42187e-07
2.35083e-07
2.36375e-07
2.46062e-07
2.51875e-07
2.44771e-07
2.42833e-07
2.57042e-07
2.51229e-07
2.44771e-07
2.59625e-07
2.54458e-07
2.41542e-07
2.51875e-07
2.44771e-07
2.33792e-07
2.33792e-07
2.23458e-07
2.325e-07
2.31854e-07
2.26688e-07
2.27979e-07
2.15708e-07
2.03437e-07
2.16354e-07
2.20875e-07
2.07312e-07
2.13125e-07
1.95688e-07
2.02146e-07
2.18292e-07
2.09896e-07
2.07958e-07
1.98271e-07
2.04729e-07
2.02146e-07
2.00854e-07
1.97625e-07
1.95042e-07
1.96979e-07
2.00854e-07
2.07312e-07
2.02792e-07
2.0925e-07
2.13771e-07
2.11833e-07
2.0925e-07
2.17e-07
2.18937e-07
2.19583e-07
2.21521e-07
2.11833e-07
2.18937e-07
2.06021e-07
2.05375e-07
2.15708e-07
2.07312e-07
2.10542e-07
2.11187e-07
2.04729e-07
1.98917e-07
2.07312e-07
2.05375e-07
1.91812e-07
1.91812e-07
1.9375e-07
1.90521e-07
1.79542e-07
1.82771e-07
1.82771e-07
1.76958e-07
1.86e-07
1.89229e-07
1.86e-07
1.77604e-07
1.76958e-07
1.76958e-07
1.76312e-07
1.80833e-07
1.73083e-07
1.76312e-07
1.93104e-07
1.92458e-07
1.86e-07
1.83417e-07
1.84708e-07
1.98917e-07
1.9375e-07
1.84062e-07
1.94396e-07
1.90521e-07
1.90521e-07
1.96333e-07
1.91812e-07
1.92458e-07
1.93104e-07
1.82771e-07
1.81479e-07
1.85354e-07
1.85354e-07
1.71792e-07
1.65333e-07
1.69208e-07
1.47896e-07
1.58229e-07
1.60167e-07
1.48542e-07
1.58875e-07
1.51125e-07
1.54354e-07
1.48542e-07
1.395e-07
1.45312e-07
1.40146e-07
1.33687e-07
1.35625e-07
1.38208e-07
1.40146e-07
1.40146e-07
1.31104e-07
1.38208e-07
1.35625e-07
1.27229e-07
1.43375e-07
1.43375e-07
1.45312e-07
1.54354e-07
1.45958e-07
1.45958e-07
1.59521e-07
1.45958e-07
1.27875e-07
1.42083e-07
1.43375e-07
1.24e-07
1.25292e-07
1.32396e-07
1.22708e-07
1.38208e-07
1.42083e-07
1.18833e-07
1.25292e-07
1.25938e-07
1.22062e-07
1.15604e-07
1.02687e-07
1.085e-07
1.14958e-07
1.19479e-07
1.16896e-07
1.21417e-07
1.18833e-07
1.10437e-07
1.12375e-07
1.09146e-07
1.20125e-07
1.3175e-07
1.21417e-07
1.17542e-07
1.20125e-07
1.17542e-07
1.29812e-07
1.26583e-07
1.29167e-07
1.45312e-07
1.32396e-07
1.33042e-07
1.395e-07
1.42729e-07
1.45958e-07
1.46604e-07
1.52417e-07
1.47896e-07
1.47896e-07
1.56937e-07
1.56937e-07
1.45958e-07
1.44021e-07
1.51771e-07
1.58229e-07
1.52417e-07
1.57583e-07
1.69208e-07
1.60812e-07
1.68562e-07
1.71792e-07
1.705e-07
1.80833e-07
1.89229e-07
1.95042e-07
1.95688e-07
2.015e-07
2.04729e-07
2.11833e-07
2.22812e-07
2.2475e-07
2.30562e-07
2.42833e-07
2.52521e-07
2.51875e-07
2.60271e-07
2.75771e-07
2.77062e-07
2.71896e-07
2.70604e-07
2.76417e-07
2.87396e-07
2.88688e-07
2.77708e-07
2.69312e-07
2.65437e-07
2.75771e-07
2.68667e-07
2.53812e-07
2.64792e-07
2.62208e-07
2.56396e-07
2.38958e-07
2.33792e-07
2.38312e-07
2.19583e-07
2.24104e-07
2.15063e-07
2.11187e-07
2.13771e-07
1.87292e-07
1.84708e-07
1.86e-07
1.80833e-07
1.80833e-07
1.76312e-07
1.71146e-07
1.60812e-07
1.57583e-07
1.45958e-07
1.44021e-07
1.49187e-07
1.44667e-07
1.35625e-07
1.29167e-07
1.35625e-07
1.32396e-07
1.3175e-07
1.28521e-07
1.25292e-07
1.25938e-07
1.18833e-07
1.20125e-07
1.15604e-07
1.14958e-07
1.05271e-07
9.49375e-08
9.62292e-08
9.36458e-08
9.36458e-08
7.03958e-08
6.52292e-08
7.29792e-08
6.07083e-08
6.39375e-08
5.74792e-08
6.07083e-08
5.68333e-08
4.77917e-08
5.36042e-08
4.45625e-08
4.71458e-08
4.52083e-08
5.16667e-08
5.29583e-08
4.39167e-08
4.2625e-08
4.00417e-08
3.74583e-08
3.29375e-08
4.65e-08
4.71458e-08
5.10208e-08
5.16667e-08
3.1e-08
3.93958e-08
4.77917e-08
4.71458e-08
4.90833e-08
5.36042e-08
5.23125e-08
6.13542e-08
6.32917e-08
4.77917e-08
4.90833e-08
5.425e-08
6.2e-08
6.2e-08
6.45833e-08
6.39375e-08
6.78125e-08
8.58958e-08
6.78125e-08
5.74792e-08
6.84583e-08
6.39375e-08
6.975e-08
6.78125e-08
6.32917e-08
7.87917e-08
7.49167e-08
7.10417e-08
7.42708e-08
7.75e-08
9.10625e-08
9.3e-08
9.88125e-08
1.0075e-07
1.04625e-07
1.085e-07
1.085e-07
1.15604e-07
1.11729e-07
1.25938e-07
1.41437e-07
1.35625e-07
1.40146e-07
1.40146e-07
1.45312e-07
1.56292e-07
1.60167e-07
1.61458e-07
1.57583e-07
1.67271e-07
1.73729e-07
1.75021e-07
1.71146e-07
1.75667e-07
1.82771e-07
1.58875e-07
1.63396e-07
1.78896e-07
1.75021e-07
1.76312e-07
1.73083e-07
1.69854e-07
1.65333e-07
1.67271e-07
1.705e-07
1.64042e-07
1.58229e-07
1.54354e-07
1.61458e-07
1.55646e-07
1.56937e-07
1.60167e-07
1.55e-07
1.48542e-07
1.32396e-07
1.49187e-07
1.44667e-07
1.43375e-07
1.4725e-07
1.44021e-07
1.57583e-07
1.42083e-07
1.46604e-07
1.44021e-07
1.4725e-07
1.45958e-07
1.30458e-07
1.44021e-07
1.51771e-07
1.47896e-07
1.35625e-07
1.55e-07
1.51125e-07
1.40146e-07
1.51125e-07
1.41437e-07
1.52417e-07
1.40146e-07
1.42083e-07
1.4725e-07
1.40146e-07
1.46604e-07
1.45958e-07
1.53062e-07
1.41437e-07
1.50479e-07
1.57583e-07
1.51771e-07
1.59521e-07
1.56292e-07
1.53708e-07
1.53062e-07
1.57583e-07
1.55646e-07
1.65979e-07
1.64687e-07
1.65333e-07
1.7825e-07
1.65979e-07
1.71146e-07
1.73083e-07
1.82771e-07
1.95042e-07
1.84062e-07
1.82771e-07
1.90521e-07
1.95042e-07
1.94396e-07
2.00208e-07
1.95688e-07
2.00208e-07
1.98271e-07
1.9375e-07
2.0925e-07
2.00854e-07
1.96979e-07
2.04729e-07
2.06021e-07
2.08604e-07
2.02792e-07
1.95042e-07
2.03437e-07
2.02146e-07
2.10542e-07
2.18937e-07
2.13771e-07
2.18937e-07
2.11833e-07
2.15708e-07
2.13771e-07
2.12479e-07
2.20875e-07
2.23458e-07
2.19583e-07
2.04083e-07
2.12479e-07
2.20875e-07
2.11833e-07
2.07958e-07
2.18292e-07
2.05375e-07
1.9375e-07
2.13125e-07
2.03437e-07
1.9375e-07
2.09896e-07
2.16354e-07
2.015e-07
1.89229e-07
1.90521e-07
1.86e-07
1.92458e-07
1.89875e-07
1.85354e-07
1.87292e-07
1.78896e-07
1.97625e-07
1.86e-07
1.86e-07
1.98271e-07
1.86646e-07
2.03437e-07
1.96333e-07
2.00208e-07
2.11833e-07
2.08604e-07
2.02792e-07
2.09896e-07
2.18937e-07
2.05375e-07
2.19583e-07
2.08604e-07
2.10542e-07
2.37667e-07
2.26042e-07
2.26688e-07
2.34437e-07
2.30562e-07
2.34437e-07
2.46062e-07
2.37021e-07
2.41542e-07
2.51229e-07
2.38312e-07
2.39604e-07
2.38958e-07
2.45417e-07
2.46062e-07
2.31208e-07
2.35729e-07
2.33792e-07
2.42833e-07
2.48646e-07
2.25396e-07
2.2475e-07
2.18292e-07
2.13125e-07
2.23458e-07
2.12479e-07
2.04083e-07
1.98917e-07
1.98917e-07
1.96333e-07
1.96979e-07
2.00854e-07
1.97625e-07
1.98271e-07
1.82771e-07
1.84708e-07
1.89229e-07
1.86646e-07
1.89875e-07
1.69854e-07
1.69854e-07
1.73729e-07
1.69854e-07
1.69854e-07
1.55e-07
1.58229e-07
1.71146e-07
1.64687e-07
1.55646e-07
1.66625e-07
1.61458e-07
1.50479e-07
1.57583e-07
1.58229e-07
1.54354e-07
1.51771e-07
1.56292e-07
1.53708e-07
1.56292e-07
1.55e-07
1.50479e-07
1.6275e-07
1.56937e-07
1.46604e-07
1.42729e-07
1.41437e-07
1.46604e-07
1.44021e-07
1.52417e-07
1.58229e-07
1.51125e-07
1.58875e-07
1.6275e-07
1.64042e-07
1.66625e-07
1.65333e-07
1.67271e-07
1.82771e-07
1.84062e-07
1.7825e-07
1.92458e-07
1.95042e-07
2.09896e-07
2.13125e-07
2.20229e-07
2.33146e-07
2.25396e-07
2.37667e-07
2.26688e-07
2.23458e-07
2.31854e-07
2.26688e-07
2.43479e-07
2.40896e-07
2.27333e-07
2.31208e-07
2.31854e-07
2.31208e-07
2.26688e-07
2.22812e-07
2.24104e-07
2.17e-07
2.16354e-07
2.09896e-07
2.04083e-07
2.0925e-07
2.04729e-07
2.00208e-07
2.00854e-07
1.89229e-07
1.85354e-07
1.96979e-07
1.80833e-07
1.78896e-07
1.86e-07
1.73083e-07
1.80833e-07
1.82771e-07
1.84708e-07
1.78896e-07
1.67271e-07
1.67271e-07
1.81479e-07
1.86646e-07
1.75021e-07
1.84708e-07
1.89229e-07
1.91812e-07
1.83417e-07
1.87937e-07
1.91812e-07
1.78896e-07
1.705e-07
1.58229e-07
1.77604e-07
1.79542e-07
1.68562e-07
1.61458e-07
1.65333e-07
1.67271e-07
1.41437e-07
1.54354e-07
1.53708e-07
1.38854e-07
1.42729e-07
1.29167e-07
1.30458e-07
1.31104e-07
1.20125e-07
1.26583e-07
1.18187e-07
1.085e-07
1.13021e-07
1.03979e-07
1.0075e-07
1.05271e-07
1.02042e-07
9.17083e-08
8.97708e-08
9.10625e-08
8.525e-08
9.10625e-08
8.9125e-08
9.10625e-08
1.03979e-07
1.03333e-07
1.02687e-07
1.0075e-07
1.02687e-07
1.03333e-07
1.03979e-07
1.03979e-07
1.07208e-07
1.20125e-07
1.09146e-07
1.02687e-07
1.06562e-07
1.07208e-07
1.1625e-07
1.02042e-07
8.71875e-08
8.65417e-08
8.97708e-08
8.33125e-08
6.71667e-08
7.81458e-08
8.1375e-08
6.39375e-08
6.2e-08
5.48958e-08
5.48958e-08
6.00625e-08
4.97292e-08
4.39167e-08
3.81042e-08
3.81042e-08
3.29375e-08
3.22917e-08
4.00417e-08
4.84375e-08
4.52083e-08
3.42292e-08
4.39167e-08
3.55208e-08
4.06875e-08
5.16667e-08
6.2e-08
7.03958e-08
5.36042e-08
5.94167e-08
7.49167e-08
8.00833e-08
7.03958e-08
7.81458e-08
8.84792e-08
8.33125e-08
8.26667e-08
9.62292e-08
1.04625e-07
8.9125e-08
1.05271e-07
1.05917e-07
8.78333e-08
9.04167e-08
8.97708e-08
8.58958e-08
8.65417e-08
9.94583e-08
1.0075e-07
1.02687e-07
9.62292e-08
9.23542e-08
1.01396e-07
1.00104e-07
9.23542e-08
9.88125e-08
1.1625e-07
1.10437e-07
1.18833e-07
1.28521e-07
1.29812e-07
1.38854e-07
1.36271e-07
1.38208e-07
1.45958e-07
1.63396e-07
1.78896e-07
1.89229e-07
1.88583e-07
1.89229e-07
1.95688e-07
2.04729e-07
2.10542e-07
2.06021e-07
2.19583e-07
2.18292e-07
2.11833e-07
2.17e-07
2.13125e-07
2.11833e-07
2.17646e-07
2.28625e-07
2.26688e-07
2.13771e-07
2.23458e-07
2.29271e-07
2.15708e-07
2.15063e-07
2.20875e-07
2.29271e-07
2.21521e-07
2.12479e-07
2.16354e-07
2.11187e-07
2.14417e-07
2.07958e-07
2.00208e-07
2.02146e-07
1.89229e-07
1.84708e-07
1.91167e-07
1.91812e-07
1.9375e-07
1.90521e-07
1.91812e-07
1.98271e-07
1.91812e-07
1.89875e-07
1.89229e-07
1.91812e-07
1.88583e-07
1.76958e-07
1.78896e-07
1.79542e-07
1.86646e-07
1.84708e-07
1.71146e-07
1.73083e-07
1.75667e-07
1.74375e-07
1.65979e-07
1.65979e-07
1.72437e-07
1.56292e-07
1.46604e-07
1.47896e-07
1.395e-07
1.41437e-07
1.41437e-07
1.36271e-07
1.34979e-07
1.27875e-07
1.25938e-07
1.12375e-07
1.04625e-07
1.06562e-07
1.02042e-07
1.18833e-07
1.18833e-07
1.09792e-07
1.09146e-07
1.07854e-07
1.14958e-07
1.22708e-07
1.20125e-07
1.09792e-07
1.17542e-07
1.28521e-07
1.36271e-07
1.29167e-07
1.3175e-07
1.55e-07
1.45312e-07
1.51125e-07
1.65979e-07
1.59521e-07
1.65979e-07
1.75667e-07
1.80187e-07
1.7825e-07
1.67917e-07
1.71792e-07
1.74375e-07
1.80833e-07
1.95688e-07
1.89229e-07
1.82125e-07
1.91167e-07
1.90521e-07
1.91167e-07
1.96979e-07
1.89229e-07
1.91812e-07
1.80187e-07
1.76958e-07
1.80187e-07
1.68562e-07
1.75021e-07
1.78896e-07
1.91167e-07
1.87292e-07
1.76958e-07
1.87292e-07
1.76958e-07
1.77604e-07
1.85354e-07
1.69854e-07
1.76312e-07
1.91812e-07
1.76312e-07
1.85354e-07
1.97625e-07
1.86646e-07
1.82125e-07
1.75021e-07
1.88583e-07
1.82125e-07
1.79542e-07
2.02792e-07
1.83417e-07
1.78896e-07
1.89875e-07
1.80187e-07
1.80833e-07
1.92458e-07
1.91812e-07
1.93104e-07
2.00854e-07
1.91812e-07
1.91167e-07
1.96333e-07
2.02146e-07
1.95688e-07
1.88583e-07
2.00854e-07
1.98917e-07
1.94396e-07
1.91167e-07
1.88583e-07
1.82125e-07
1.82771e-07
1.83417e-07
1.84062e-07
1.86646e-07
1.705e-07
1.69854e-07
1.67917e-07
1.69208e-07
1.71792e-07
1.74375e-07
1.80187e-07
1.71792e-07
1.67917e-07
1.72437e-07
1.80187e-07
1.82125e-07
1.86646e-07
1.73083e-07
1.80833e-07
1.88583e-07
1.84062e-07
1.89875e-07
1.82771e-07
1.92458e-07
1.99562e-07
1.99562e-07
1.92458e-07
1.98917e-07
2.04083e-07
1.98271e-07
1.95688e-07
1.87937e-07
1.97625e-07
1.96333e-07
1.95042e-07
1.91167e-07
1.82125e-07
1.88583e-07
1.89875e-07
1.96979e-07
2.00208e-07
1.79542e-07
1.87292e-07
1.96333e-07
1.81479e-07
1.80187e-07
1.81479e-07
1.88583e-07
1.91812e-07
1.89875e-07
1.85354e-07
1.87292e-07
1.86646e-07
1.83417e-07
1.89875e-07
2.00208e-07
2.02792e-07
1.85354e-07
1.89875e-07
1.91167e-07
1.89229e-07
1.93104e-07
1.86e-07
1.95688e-07
2.015e-07
2.02146e-07
1.94396e-07
2.015e-07
2.13125e-07
1.92458e-07
1.85354e-07
1.98271e-07
2.07958e-07
1.97625e-07
1.94396e-07
1.97625e-07
1.96979e-07
2.03437e-07
1.91167e-07
1.87292e-07
1.87292e-07
1.90521e-07
1.96979e-07
1.92458e-07
1.79542e-07
1.76312e-07
1.80187e-07
1.705e-07
1.83417e-07
1.75021e-07
1.67271e-07
1.76958e-07
1.65333e-07
1.71146e-07
1.69854e-07
1.705e-07
1.76958e-07
1.67917e-07
1.6275e-07
1.58875e-07
1.6275e-07
1.67917e-07
1.67917e-07
1.69854e-07
1.72437e-07
1.77604e-07
1.78896e-07
1.73083e-07
1.73083e-07
1.67917e-07
1.62104e-07
1.64687e-07
1.55646e-07
1.54354e-07
1.61458e-07
1.50479e-07
1.50479e-07
1.59521e-07
1.53062e-07
1.51771e-07
1.55646e-07
1.46604e-07
1.38208e-07
1.40146e-07
1.36271e-07
1.49833e-07
1.46604e-07
1.27229e-07
1.36917e-07
1.41437e-07
1.42083e-07
1.30458e-07
1.25292e-07
1.24e-07
1.18833e-07
1.29167e-07
1.22708e-07
1.20771e-07
1.23354e-07
1.23354e-07
1.22708e-07
1.14312e-07
1.29812e-07
1.34979e-07
1.27875e-07
1.21417e-07
1.20771e-07
1.35625e-07
1.24646e-07
1.24646e-07
1.35625e-07
1.24646e-07
1.28521e-07
1.32396e-07
1.26583e-07
1.29812e-07
1.37562e-07
1.38854e-07
1.40792e-07
1.40146e-07
1.40792e-07
1.49833e-07
1.35625e-07
1.36271e-07
1.395e-07
1.34333e-07
1.42083e-07
1.40146e-07
1.50479e-07
1.54354e-07
1.64687e-07
1.72437e-07
1.56937e-07
1.67271e-07
1.72437e-07
1.64687e-07
1.67917e-07
1.64687e-07
1.60812e-07
1.67917e-07
1.72437e-07
1.78896e-07
1.85354e-07
1.78896e-07
1.83417e-07
1.73729e-07
1.66625e-07
1.66625e-07
1.66625e-07
1.84708e-07
1.69854e-07
1.73083e-07
1.89229e-07
1.76958e-07
1.83417e-07
1.89875e-07
1.77604e-07
1.86e-07
1.96333e-07
1.89229e-07
1.98271e-07
1.93104e-07
1.89875e-07
1.9375e-07
1.91812e-07
1.97625e-07
1.94396e-07
1.89875e-07
1.87937e-07
1.93104e-07
1.9375e-07
1.98917e-07
2.03437e-07
1.93104e-07
1.98271e-07
2.00208e-07
1.82125e-07
1.82771e-07
1.82771e-07
1.79542e-07
1.86646e-07
1.73729e-07
1.7825e-07
1.75021e-07
1.67271e-07
1.79542e-07
1.62104e-07
1.53062e-07
1.50479e-07
1.42083e-07
1.42729e-07
1.30458e-07
1.20125e-07
1.23354e-07
1.30458e-07
1.23354e-07
1.21417e-07
1.23354e-07
1.24e-07
1.29812e-07
1.18187e-07
1.16896e-07
1.20771e-07
1.12375e-07
1.11729e-07
1.17542e-07
1.19479e-07
1.18187e-07
1.27229e-07
1.33687e-07
1.26583e-07
1.24646e-07
1.24e-07
1.07208e-07
1.1625e-07
1.24646e-07
1.085e-07
1.13021e-07
1.13667e-07
1.18187e-07
1.14958e-07
1.13021e-07
1.18833e-07
1.14312e-07
1.24646e-07
1.13667e-07
1.13021e-07
1.13667e-07
1.00104e-07
1.12375e-07
1.14958e-07
1.11729e-07
1.17542e-07
1.15604e-07
1.15604e-07
1.1625e-07
1.13667e-07
1.24e-07
1.33042e-07
1.30458e-07
1.29167e-07
1.41437e-07
1.46604e-07
1.37562e-07
1.49187e-07
1.55646e-07
1.65979e-07
1.71146e-07
1.63396e-07
1.71792e-07
1.69854e-07
1.76312e-07
1.93104e-07
1.82125e-07
1.76958e-07
1.86e-07
1.69854e-07
1.71792e-07
1.74375e-07
1.64042e-07
1.73083e-07
1.71146e-07
1.71792e-07
1.65333e-07
1.61458e-07
1.61458e-07
1.56937e-07
1.55646e-07
1.49833e-07
1.56292e-07
1.56292e-07
1.64042e-07
1.53062e-07
1.38208e-07
1.54354e-07
1.48542e-07
1.4725e-07
1.53062e-07
1.41437e-07
1.36917e-07
1.4725e-07
1.42729e-07
1.395e-07
1.42083e-07
1.38208e-07
1.48542e-07
1.43375e-07
1.48542e-07
1.49187e-07
1.47896e-07
1.63396e-07
1.52417e-07
1.49187e-07
1.49187e-07
1.51125e-07
1.45958e-07
1.49187e-07
1.4725e-07
1.30458e-07
1.42729e-07
1.40146e-07
1.30458e-07
1.26583e-07
1.28521e-07
1.26583e-07
1.14958e-07
1.1625e-07
1.06562e-07
1.03979e-07
1.04625e-07
1.04625e-07
1.03333e-07
9.55833e-08
9.62292e-08
9.81667e-08
1.00104e-07
9.36458e-08
1.01396e-07
9.81667e-08
8.33125e-08
9.6875e-08
9.81667e-08
9.81667e-08
9.94583e-08
1.02042e-07
1.02042e-07
1.02042e-07
1.07208e-07
1.04625e-07
1.20771e-07
1.11729e-07
1.00104e-07
1.14958e-07
1.21417e-07
1.25292e-07
1.16896e-07
1.13021e-07
1.21417e-07
1.20771e-07
1.18187e-07
1.17542e-07
1.22708e-07
1.29167e-07
1.38208e-07
1.44021e-07
1.46604e-07
1.43375e-07
1.44021e-07
1.58875e-07
1.56937e-07
1.61458e-07
1.6275e-07
1.60167e-07
1.67917e-07
1.67917e-07
1.72437e-07
1.71792e-07
1.76312e-07
1.82771e-07
1.89229e-07
1.88583e-07
1.84062e-07
2.02146e-07
2.10542e-07
2.07958e-07
2.18937e-07
2.20875e-07
2.27979e-07
2.36375e-07
2.21521e-07
2.33146e-07
2.47354e-07
2.38312e-07
2.35083e-07
2.43479e-07
2.64146e-07
2.64146e-07
2.53167e-07
2.53167e-07
2.5575e-07
2.54458e-07
2.635e-07
2.72542e-07
2.68667e-07
2.7125e-07
2.69312e-07
2.61562e-07
2.49292e-07
2.47354e-07
2.60917e-07
2.66729e-07
2.60271e-07
2.58333e-07
2.58979e-07
2.5575e-07
2.60917e-07
2.58333e-07
2.48646e-07
2.48646e-07
2.48e-07
2.44125e-07
2.51229e-07
2.44125e-07
2.39604e-07
2.47354e-07
2.37021e-07
2.4025e-07
2.44771e-07
2.35729e-07
2.37667e-07
2.40896e-07
2.30562e-07
2.29917e-07
2.31208e-07
2.36375e-07
2.37021e-07
2.22167e-07
2.26688e-07
2.23458e-07
2.23458e-07
2.13771e-07
2.11187e-07
2.08604e-07
1.97625e-07
2.16354e-07
2.015e-07
2.0925e-07
2.03437e-07
1.75667e-07
1.83417e-07
1.71792e-07
1.78896e-07
1.80833e-07
1.64042e-07
1.67917e-07
1.62104e-07
1.44667e-07
1.49187e-07
1.48542e-07
1.395e-07
1.38208e-07
1.29812e-07
1.14312e-07
1.07208e-07
1.19479e-07
1.09792e-07
9.94583e-08
9.62292e-08
8.9125e-08
1.07208e-07
1.07208e-07
9.23542e-08
9.94583e-08
1.0075e-07
9.55833e-08
1.03333e-07
9.88125e-08
9.36458e-08
1.01396e-07
9.62292e-08
9.42917e-08
1.05271e-07
1.05271e-07
1.0075e-07
1.05917e-07
1.02687e-07
9.88125e-08
1.01396e-07
1.06562e-07
1.10437e-07
1.12375e-07
1.16896e-07
1.19479e-07
1.28521e-07
1.26583e-07
1.20125e-07
1.22708e-07
1.21417e-07
1.29812e-07
1.35625e-07
1.3175e-07
1.34979e-07
1.49187e-07
1.52417e-07
1.37562e-07
1.40146e-07
1.56292e-07
1.51125e-07
1.52417e-07
1.65333e-07
1.65979e-07
1.69208e-07
1.64687e-07
1.63396e-07
1.80187e-07
1.80833e-07
1.73083e-07
1.75021e-07
1.73083e-07
1.77604e-07
1.76958e-07
1.705e-07
1.77604e-07
1.71146e-07
1.71146e-07
1.78896e-07
1.69208e-07
1.67271e-07
1.69208e-07
1.73729e-07
1.73729e-07
1.72437e-07
1.68562e-07
1.62104e-07
1.705e-07
1.71792e-07
1.61458e-07
1.64687e-07
1.79542e-07
1.72437e-07
1.56937e-07
1.60812e-07
1.65333e-07
1.61458e-07
1.53708e-07
1.55646e-07
1.62104e-07
1.47896e-07
1.56292e-07
1.68562e-07
1.55e-07
1.57583e-07
1.55646e-07
1.58229e-07
1.65979e-07
1.62104e-07
1.60167e-07
1.67917e-07
1.74375e-07
1.73083e-07
1.72437e-07
1.65979e-07
1.7825e-07
1.76312e-07
1.71146e-07
1.83417e-07
1.73729e-07
1.80833e-07
1.78896e-07
1.74375e-07
1.86e-07
1.84708e-07
1.85354e-07
1.80833e-07
1.82125e-07
1.84708e-07
1.87292e-07
1.78896e-07
1.705e-07
1.78896e-07
1.71792e-07
1.65979e-07
1.73083e-07
1.79542e-07
1.78896e-07
1.75021e-07
1.80187e-07
1.72437e-07
1.69208e-07
1.72437e-07
1.64687e-07
1.75021e-07
1.82125e-07
1.80833e-07
1.73083e-07
1.65333e-07
1.68562e-07
1.64042e-07
1.59521e-07
1.62104e-07
1.57583e-07
1.60167e-07
1.58875e-07
1.49833e-07
1.56937e-07
1.52417e-07
1.51125e-07
1.4725e-07
1.30458e-07
1.29812e-07
1.32396e-07
1.32396e-07
1.33687e-07
1.31104e-07
1.22062e-07
1.25292e-07
1.18833e-07
1.25292e-07
1.22062e-07
1.15604e-07
1.31104e-07
1.19479e-07
1.30458e-07
1.29167e-07
1.20771e-07
1.22062e-07
9.94583e-08
1.10437e-07
1.1625e-07
1.00104e-07
1.22708e-07
1.23354e-07
1.12375e-07
1.20771e-07
1.04625e-07
1.13667e-07
1.19479e-07
1.13667e-07
1.11083e-07
1.12375e-07
1.13021e-07
1.05917e-07
1.19479e-07
1.18833e-07
1.18187e-07
1.09792e-07
1.22708e-07
1.34979e-07
1.20125e-07
1.29812e-07
1.32396e-07
1.38854e-07
1.29167e-07
1.22708e-07
1.395e-07
1.51125e-07
1.50479e-07
1.53708e-07
1.56292e-07
1.45958e-07
1.68562e-07
1.72437e-07
1.59521e-07
1.71792e-07
1.78896e-07
1.83417e-07
1.87937e-07
1.88583e-07
1.89875e-07
1.98271e-07
2.02792e-07
2.03437e-07
2.015e-07
2.00208e-07
2.03437e-07
2.04083e-07
2.13125e-07
2.0925e-07
2.06667e-07
2.21521e-07
2.2475e-07
2.24104e-07
2.22167e-07
2.28625e-07
2.37021e-07
2.34437e-07
2.30562e-07
2.2475e-07
2.25396e-07
2.31208e-07
2.27333e-07
2.29271e-07
2.37667e-07
2.37667e-07
2.42187e-07
2.37021e-07
2.29917e-07
2.37667e-07
2.29917e-07
2.23458e-07
2.23458e-07
2.26042e-07
2.33146e-07
2.21521e-07
2.22167e-07
2.19583e-07
2.12479e-07
2.16354e-07
2.11833e-07
2.17e-07
2.13771e-07
2.06667e-07
2.06021e-07
1.98917e-07
1.95688e-07
1.91812e-07
2.04083e-07
2.13125e-07
1.96979e-07
2.015e-07
1.95042e-07
1.73729e-07
1.88583e-07
1.92458e-07
1.83417e-07
1.82125e-07
1.84062e-07
1.86e-07
1.76312e-07
1.68562e-07
1.75667e-07
1.7825e-07
1.705e-07
1.73083e-07
1.60812e-07
1.65979e-07
1.82771e-07
1.59521e-07
1.4725e-07
1.58229e-07
1.49187e-07
1.41437e-07
1.45958e-07
1.36271e-07
1.40146e-07
1.57583e-07
1.4725e-07
1.44667e-07
1.53708e-07
1.45958e-07
1.44021e-07
1.44021e-07
1.46604e-07
1.49833e-07
1.42729e-07
1.44021e-07
1.48542e-07
1.40146e-07
1.41437e-07
1.41437e-07
1.42083e-07
1.45958e-07
1.38208e-07
1.40146e-07
1.38854e-07
1.36271e-07
1.37562e-07
1.27875e-07
1.27229e-07
1.37562e-07
1.33687e-07
1.28521e-07
1.33042e-07
1.37562e-07
1.38854e-07
1.38854e-07
1.38854e-07
1.26583e-07
1.34979e-07
1.32396e-07
1.16896e-07
1.31104e-07
1.22062e-07
1.25292e-07
1.27229e-07
1.17542e-07
1.16896e-07
1.13667e-07
1.24646e-07
1.1625e-07
1.20125e-07
1.11083e-07
1.02687e-07
1.13021e-07
9.81667e-08
1.07208e-07
1.03333e-07
9.49375e-08
1.03333e-07
9.81667e-08
1.05917e-07
1.01396e-07
9.17083e-08
1.06562e-07
1.05271e-07
9.81667e-08
1.03979e-07
9.6875e-08
9.42917e-08
1.00104e-07
1.04625e-07
9.81667e-08
1.0075e-07
1.02042e-07
9.3e-08
9.42917e-08
9.10625e-08
9.81667e-08
9.04167e-08
9.49375e-08
9.3e-08
8.78333e-08
1.03979e-07
9.36458e-08
9.81667e-08
9.3e-08
9.04167e-08
9.36458e-08
9.62292e-08
1.17542e-07
1.07208e-07
1.00104e-07
1.1625e-07
1.11729e-07
1.05917e-07
1.10437e-07
1.06562e-07
1.1625e-07
1.13021e-07
1.05271e-07
1.13667e-07
1.06562e-07
1.1625e-07
1.13021e-07
1.17542e-07
1.33687e-07
1.20125e-07
1.24646e-07
1.22062e-07
1.32396e-07
1.44667e-07
1.33687e-07
1.38208e-07
1.44667e-07
1.51125e-07
1.44021e-07
1.53062e-07
1.6275e-07
1.53708e-07
1.68562e-07
1.67271e-07
1.60812e-07
1.73083e-07
1.67917e-07
1.76958e-07
1.84062e-07
1.75021e-07
1.75021e-07
1.75021e-07
1.90521e-07
1.91812e-07
1.97625e-07
2.00854e-07
1.98917e-07
2.13125e-07
2.15708e-07
2.24104e-07
2.22167e-07
2.23458e-07
2.20229e-07
2.0925e-07
2.09896e-07
2.20229e-07
2.26042e-07
2.20875e-07
2.28625e-07
2.20229e-07
2.15708e-07
2.20875e-07
2.16354e-07
2.22167e-07
2.24104e-07
2.12479e-07
2.17646e-07
2.29917e-07
2.22812e-07
2.21521e-07
2.20229e-07
2.2475e-07
2.33792e-07
2.2475e-07
2.23458e-07
2.28625e-07
2.31208e-07
2.26688e-07
2.15708e-07
2.23458e-07
2.2475e-07
2.20875e-07
2.15063e-07
2.15708e-07
2.22167e-07
2.07312e-07
2.15063e-07
2.12479e-07
2.15063e-07
2.23458e-07
2.0925e-07
2.06021e-07
1.98271e-07
2.08604e-07
1.95688e-07
1.96979e-07
1.97625e-07
1.69208e-07
1.89229e-07
1.92458e-07
1.81479e-07
1.75667e-07
1.64042e-07
1.67271e-07
1.69854e-07
1.53062e-07
1.54354e-07
1.75667e-07
1.57583e-07
1.49833e-07
1.64042e-07
1.55e-07
1.57583e-07
1.59521e-07
1.48542e-07
1.52417e-07
1.4725e-07
1.51771e-07
1.67917e-07
1.55e-07
1.48542e-07
1.62104e-07
1.49833e-07
1.42729e-07
1.52417e-07
1.45312e-07
1.50479e-07
1.49833e-07
1.44667e-07
1.46604e-07
1.55e-07
1.56937e-07
1.40792e-07
1.4725e-07
1.48542e-07
1.51771e-07
1.56292e-07
1.44667e-07
1.54354e-07
1.51771e-07
1.41437e-07
1.48542e-07
1.44667e-07
1.4725e-07
1.48542e-07
1.48542e-07
1.62104e-07
1.55646e-07
1.48542e-07
1.44021e-07
1.51771e-07
1.65333e-07
1.49833e-07
1.45958e-07
1.51771e-07
1.42729e-07
1.46604e-07
1.56292e-07
1.46604e-07
1.60812e-07
1.65979e-07
1.45312e-07
1.49187e-07
1.44667e-07
1.41437e-07
1.53708e-07
1.53708e-07
1.55646e-07
1.53062e-07
1.42729e-07
1.44667e-07
1.44021e-07
1.4725e-07
1.51125e-07
1.43375e-07
1.41437e-07
1.45958e-07
1.44667e-07
1.395e-07
1.53062e-07
1.62104e-07
1.53062e-07
1.51125e-07
1.55e-07
1.52417e-07
1.66625e-07
1.65333e-07
1.55646e-07
1.6275e-07
1.50479e-07
1.56937e-07
1.59521e-07
1.61458e-07
1.76958e-07
1.705e-07
1.67917e-07
1.73729e-07
1.84062e-07
1.84708e-07
1.82125e-07
1.86e-07
1.86e-07
1.87937e-07
1.95042e-07
1.97625e-07
1.98917e-07
1.98271e-07
1.90521e-07
2.06021e-07
2.12479e-07
1.99562e-07
2.02146e-07
1.96979e-07
1.9375e-07
1.96979e-07
1.96979e-07
1.90521e-07
1.86e-07
1.89229e-07
1.91812e-07
2.03437e-07
1.91167e-07
1.86646e-07
1.87937e-07
1.84708e-07
1.91167e-07
1.79542e-07
1.86e-07
1.75021e-07
1.72437e-07
1.82771e-07
1.64687e-07
1.705e-07
1.65979e-07
1.63396e-07
1.60167e-07
1.49187e-07
1.57583e-07
1.47896e-07
1.50479e-07
1.41437e-07
1.38208e-07
1.50479e-07
1.38854e-07
1.42083e-07
1.35625e-07
1.32396e-07
1.395e-07
1.38208e-07
1.44021e-07
1.40146e-07
1.395e-07
1.49187e-07
1.40792e-07
1.51125e-07
1.59521e-07
1.40792e-07
1.41437e-07
1.42083e-07
1.34333e-07
1.30458e-07
1.42729e-07
1.51125e-07
1.4725e-07
1.395e-07
1.49187e-07
1.64042e-07
1.52417e-07
1.60812e-07
1.55e-07
1.61458e-07
1.75021e-07
1.57583e-07
1.67917e-07
1.705e-07
1.67271e-07
1.82771e-07
1.89229e-07
1.82771e-07
1.80833e-07
1.82771e-07
1.82125e-07
1.79542e-07
1.91167e-07
1.93104e-07
1.81479e-07
2.00208e-07
1.95042e-07
1.85354e-07
1.90521e-07
1.84062e-07
1.91167e-07
1.90521e-07
1.85354e-07
1.81479e-07
1.76312e-07
1.89875e-07
1.89229e-07
1.73083e-07
1.81479e-07
1.92458e-07
1.77604e-07
1.76312e-07
1.79542e-07
1.64687e-07
1.60167e-07
1.62104e-07
1.705e-07
1.705e-07
1.68562e-07
1.69208e-07
1.60167e-07
1.58229e-07
1.53708e-07
1.56292e-07
1.65979e-07
1.62104e-07
1.55646e-07
1.51771e-07
1.53708e-07
1.55e-07
1.49833e-07
1.54354e-07
1.53062e-07
1.45958e-07
1.53062e-07
1.54354e-07
1.46604e-07
1.34979e-07
1.53708e-07
1.6275e-07
1.44021e-07
1.55646e-07
1.52417e-07
1.51125e-07
1.49833e-07
1.47896e-07
1.52417e-07
1.42729e-07
1.51125e-07
1.55646e-07
1.53708e-07
1.53062e-07
1.49833e-07
1.57583e-07
1.59521e-07
1.53062e-07
1.56292e-07
1.56937e-07
1.51125e-07
1.47896e-07
1.44021e-07
1.57583e-07
1.44021e-07
1.43375e-07
1.60812e-07
1.45312e-07
1.44021e-07
1.395e-07
1.43375e-07
1.395e-07
1.45958e-07
1.60812e-07
1.41437e-07
1.42083e-07
1.44021e-07
1.42083e-07
1.45958e-07
1.49187e-07
1.62104e-07
1.60812e-07
1.53062e-07
1.54354e-07
1.66625e-07
1.77604e-07
1.69854e-07
1.80833e-07
1.80833e-07
1.60167e-07
1.73729e-07
1.73729e-07
1.81479e-07
1.83417e-07
1.84062e-07
2.04729e-07
1.86646e-07
1.9375e-07
1.92458e-07
1.82771e-07
2.03437e-07
1.99562e-07
1.93104e-07
1.86646e-07
1.95688e-07
1.98271e-07
1.94396e-07
2.015e-07
1.98271e-07
2.0925e-07
1.99562e-07
2.03437e-07
2.19583e-07
2.14417e-07
2.15708e-07
1.98917e-07
2.06021e-07
2.11833e-07
2.07958e-07
2.07312e-07
2.015e-07
2.13771e-07
2.12479e-07
2.02146e-07
1.94396e-07
1.97625e-07
2.10542e-07
2.06667e-07
2.03437e-07
2.11187e-07
2.05375e-07
2.11187e-07
2.08604e-07
1.96979e-07
2.08604e-07
1.95042e-07
1.89875e-07
1.92458e-07
1.95042e-07
1.88583e-07
1.77604e-07
1.81479e-07
1.82125e-07
1.82125e-07
1.74375e-07
1.75021e-07
1.71792e-07
1.69854e-07
1.71146e-07
1.60812e-07
1.56937e-07
1.57583e-07
1.45312e-07
1.36271e-07
1.44021e-07
1.37562e-07
1.41437e-07
1.40146e-07
1.33687e-07
1.44021e-07
1.27875e-07
1.3175e-07
1.35625e-07
1.33042e-07
1.26583e-07
1.09792e-07
1.32396e-07
1.22708e-07
1.12375e-07
1.26583e-07
1.18833e-07
1.24e-07
1.20125e-07
1.20771e-07
1.27229e-07
1.24e-07
1.36271e-07
1.33042e-07
1.25938e-07
1.35625e-07
1.3175e-07
1.36271e-07
1.33687e-07
1.28521e-07
1.29167e-07
1.14312e-07
1.24e-07
1.22062e-07
1.12375e-07
1.19479e-07
1.20771e-07
1.24e-07
1.20771e-07
1.26583e-07
1.16896e-07
1.07208e-07
1.29812e-07
1.32396e-07
1.23354e-07
1.33042e-07
1.29812e-07
1.24646e-07
1.20125e-07
1.24e-07
1.37562e-07
1.29812e-07
1.35625e-07
1.34333e-07
1.25292e-07
1.38854e-07
1.45312e-07
1.44021e-07
1.46604e-07
1.46604e-07
1.47896e-07
1.51771e-07
1.52417e-07
1.56937e-07
1.60167e-07
1.58875e-07
1.60812e-07
1.59521e-07
1.62104e-07
1.60167e-07
1.58875e-07
1.68562e-07
1.72437e-07
1.705e-07
1.63396e-07
1.78896e-07
1.88583e-07
1.64687e-07
1.705e-07
1.83417e-07
1.705e-07
1.67271e-07
1.65333e-07
1.58875e-07
1.65979e-07
1.67271e-07
1.51771e-07
1.50479e-07
1.64687e-07
1.6275e-07
1.45958e-07
1.41437e-07
1.45312e-07
1.34333e-07
1.20125e-07
1.22708e-07
1.22062e-07
1.20771e-07
1.24e-07
1.22708e-07
1.14958e-07
1.1625e-07
1.12375e-07
1.0075e-07
1.18187e-07
1.14958e-07
1.14312e-07
1.15604e-07
1.05271e-07
1.13021e-07
1.03333e-07
1.10437e-07
1.12375e-07
1.085e-07
1.06562e-07
9.55833e-08
1.13667e-07
1.05271e-07
1.02687e-07
1.03979e-07
9.62292e-08
1.09792e-07
9.75208e-08
9.55833e-08
1.0075e-07
9.42917e-08
9.04167e-08
9.62292e-08
9.42917e-08
8.26667e-08
8.9125e-08
8.33125e-08
7.62083e-08
6.975e-08
8.20208e-08
7.68542e-08
6.84583e-08
9.3e-08
8.39583e-08
7.87917e-08
7.81458e-08
8.84792e-08
9.75208e-08
8.525e-08
8.9125e-08
8.525e-08
9.42917e-08
9.75208e-08
8.33125e-08
8.97708e-08
8.525e-08
8.07292e-08
9.42917e-08
9.62292e-08
9.36458e-08
9.81667e-08
9.3e-08
1.00104e-07
1.11729e-07
1.05917e-07
9.62292e-08
9.94583e-08
1.11729e-07
1.07854e-07
1.06562e-07
1.09792e-07
1.12375e-07
1.10437e-07
1.11083e-07
1.27875e-07
1.24646e-07
1.24e-07
1.21417e-07
1.25292e-07
1.34333e-07
1.31104e-07
1.48542e-07
1.37562e-07
1.30458e-07
1.36271e-07
1.38854e-07
1.61458e-07
1.62104e-07
1.68562e-07
1.72437e-07
1.7825e-07
1.88583e-07
1.90521e-07
1.91812e-07
1.89229e-07
2.0925e-07
2.26042e-07
2.37021e-07
2.36375e-07
2.29917e-07
2.4025e-07
2.51875e-07
2.60271e-07
2.50583e-07
2.46708e-07
2.62208e-07
2.66083e-07
2.68667e-07
2.69312e-07
2.74479e-07
2.84812e-07
2.77708e-07
2.81583e-07
2.79646e-07
2.82875e-07
2.74479e-07
2.76417e-07
2.92562e-07
2.75125e-07
2.88042e-07
2.84812e-07
2.80937e-07
2.82875e-07
2.79646e-07
2.91271e-07
2.71896e-07
2.79e-07
2.82229e-07
2.71896e-07
2.84167e-07
2.945e-07
2.89333e-07
2.72542e-07
2.76417e-07
2.79646e-07
2.79e-07
2.73833e-07
2.75771e-07
2.81583e-07
2.80937e-07
2.90625e-07
2.82229e-07
2.80937e-07
2.8675e-07
2.89333e-07
2.97729e-07
2.95146e-07
2.79646e-07
2.78354e-07
2.97083e-07
2.91917e-07
2.88042e-07
2.88042e-07
2.91271e-07
3.00958e-07
2.82229e-07
2.88042e-07
2.97729e-07
2.84812e-07
2.87396e-07
2.88688e-07
2.84812e-07
2.8675e-07
2.89979e-07
2.88042e-07
2.84812e-07
2.8675e-07
2.89979e-07
2.72542e-07
2.60917e-07
2.74479e-07
2.80937e-07
2.8675e-07
2.88042e-07
2.82875e-07
2.69312e-07
2.76417e-07
2.8675e-07
2.72542e-07
2.64146e-07
2.60271e-07
2.60271e-07
2.54458e-07
2.57688e-07
2.58333e-07
2.60917e-07
2.51229e-07
2.38958e-07
2.45417e-07
2.35083e-07
2.29271e-07
2.33146e-07
2.36375e-07
2.27333e-07
2.25396e-07
2.12479e-07
2.06667e-07
2.08604e-07
1.91167e-07
1.9375e-07
1.78896e-07
1.75667e-07
1.72437e-07
1.64042e-07
1.67917e-07
1.51125e-07
1.44667e-07
1.46604e-07
1.42729e-07
1.395e-07
1.32396e-07
1.25292e-07
1.25292e-07
1.24e-07
1.24646e-07
1.10437e-07
1.09792e-07
1.20125e-07
1.10437e-07
8.97708e-08
9.81667e-08
1.09146e-07
8.84792e-08
1.00104e-07
8.9125e-08
7.81458e-08
8.1375e-08
7.55625e-08
7.94375e-08
6.84583e-08
7.42708e-08
6.78125e-08
7.68542e-08
7.87917e-08
7.23333e-08
7.49167e-08
6.52292e-08
8.00833e-08
7.23333e-08
6.78125e-08
5.55417e-08
5.55417e-08
6.07083e-08
3.68125e-08
5.0375e-08
5.74792e-08
6.39375e-08
6.26458e-08
5.8125e-08
6.45833e-08
5.74792e-08
6.26458e-08
6.13542e-08
6.52292e-08
6.71667e-08
6.84583e-08
7.55625e-08
6.84583e-08
6.84583e-08
6.71667e-08
6.78125e-08
7.03958e-08
6.71667e-08
7.3625e-08
6.975e-08
7.10417e-08
7.55625e-08
6.71667e-08
7.49167e-08
7.87917e-08
8.33125e-08
8.9125e-08
8.58958e-08
8.84792e-08
9.17083e-08
9.04167e-08
8.65417e-08
8.78333e-08
8.39583e-08
9.6875e-08
1.02687e-07
7.68542e-08
8.39583e-08
8.71875e-08
7.81458e-08
8.20208e-08
7.81458e-08
8.1375e-08
8.1375e-08
8.20208e-08
8.525e-08
7.62083e-08
7.62083e-08
7.87917e-08
7.29792e-08
7.10417e-08
5.74792e-08
6.13542e-08
6.32917e-08
6.07083e-08
6.5875e-08
6.65208e-08
7.10417e-08
6.13542e-08
5.8125e-08
6.00625e-08
6.39375e-08
6.2e-08
5.23125e-08
5.8125e-08
6.84583e-08
6.26458e-08
5.94167e-08
7.16875e-08
7.03958e-08
6.975e-08
5.94167e-08
5.16667e-08
6.5875e-08
6.2e-08
6.00625e-08
5.8125e-08
5.36042e-08
6.65208e-08
6.00625e-08
5.87708e-08
6.52292e-08
6.00625e-08
7.03958e-08
7.23333e-08
8.07292e-08
8.00833e-08
7.16875e-08
7.10417e-08
7.16875e-08
8.71875e-08
8.33125e-08
8.525e-08
8.71875e-08
7.94375e-08
8.9125e-08
8.9125e-08
9.10625e-08
9.6875e-08
8.71875e-08
1.0075e-07
1.22708e-07
1.14312e-07
1.11729e-07
1.13667e-07
1.19479e-07
1.28521e-07
1.31104e-07
1.38854e-07
1.42729e-07
1.51771e-07
1.49833e-07
1.44667e-07
1.53708e-07
1.65979e-07
1.61458e-07
1.56292e-07
1.66625e-07
1.68562e-07
1.75667e-07
1.66625e-07
1.80187e-07
1.87292e-07
1.705e-07
1.95042e-07
1.97625e-07
2.07312e-07
2.11187e-07
2.04083e-07
2.21521e-07
2.15708e-07
2.23458e-07
2.35729e-07
2.22812e-07
2.21521e-07
2.26042e-07
2.27333e-07
2.38958e-07
2.42187e-07
2.40896e-07
2.38958e-07
2.52521e-07
2.7125e-07
2.64792e-07
2.65437e-07
2.73833e-07
2.71896e-07
2.79e-07
2.78354e-07
2.73833e-07
2.85458e-07
2.86104e-07
2.93208e-07
2.92562e-07
2.84812e-07
3.06125e-07
3.06771e-07
3.06771e-07
3.04187e-07
2.95792e-07
3.11292e-07
3.03542e-07
3.01604e-07
2.97083e-07
2.99021e-07
3.11292e-07
3.00958e-07
3.0225e-07
2.99021e-07
3.0225e-07
2.99667e-07
2.90625e-07
2.945e-07
2.89979e-07
2.84167e-07
2.91271e-07
2.95146e-07
2.80937e-07
2.88688e-07
2.88688e-07
2.75125e-07
2.7125e-07
2.66729e-07
2.68667e-07
2.64792e-07
2.635e-07
2.64146e-07
2.54458e-07
2.46708e-07
2.39604e-07
2.38312e-07
2.52521e-07
2.49292e-07
2.49938e-07
2.49938e-07
2.34437e-07
2.42187e-07
2.35729e-07
2.37667e-07
2.44771e-07
2.29271e-07
2.29917e-07
2.33792e-07
2.31854e-07
2.28625e-07
2.26688e-07
2.2475e-07
2.23458e-07
2.09896e-07
2.07312e-07
2.14417e-07
2.09896e-07
2.11187e-07
2.00208e-07
1.88583e-07
1.86646e-07
1.89229e-07
1.81479e-07
1.75021e-07
1.71146e-07
1.705e-07
1.71146e-07
1.52417e-07
1.57583e-07
1.6275e-07
1.48542e-07
1.47896e-07
1.395e-07
1.31104e-07
1.3175e-07
1.25292e-07
1.27229e-07
1.27229e-07
1.22062e-07
1.25938e-07
1.24e-07
1.18833e-07
1.10437e-07
1.09146e-07
1.12375e-07
1.03979e-07
1.03979e-07
1.10437e-07
1.03333e-07
1.04625e-07
1.12375e-07
1.14312e-07
1.05917e-07
1.03979e-07
1.09146e-07
1.05917e-07
1.16896e-07
1.16896e-07
1.10437e-07
1.15604e-07
1.28521e-07
1.24e-07
1.18833e-07
1.35625e-07
1.20771e-07
1.22062e-07
1.34979e-07
1.27875e-07
1.33042e-07
1.32396e-07
1.26583e-07
1.28521e-07
1.21417e-07
1.14312e-07
1.36917e-07
1.33687e-07
1.25292e-07
1.30458e-07
1.33687e-07
1.40792e-07
1.40146e-07
1.43375e-07
1.38208e-07
1.40792e-07
1.38208e-07
1.45312e-07
1.34333e-07
1.3175e-07
1.51125e-07
1.34333e-07
1.4725e-07
1.45312e-07
1.44667e-07
1.45312e-07
1.29812e-07
1.44667e-07
1.44021e-07
1.48542e-07
1.51125e-07
1.57583e-07
1.47896e-07
1.47896e-07
1.53708e-07
1.33687e-07
1.51125e-07
1.49833e-07
1.395e-07
1.51125e-07
1.45312e-07
1.49833e-07
1.45958e-07
1.45958e-07
1.52417e-07
1.34333e-07
1.40792e-07
1.46604e-07
1.49833e-07
1.50479e-07
1.14312e-07
1.30458e-07
1.43375e-07
1.23354e-07
1.34979e-07
1.33042e-07
1.34979e-07
1.42083e-07
1.30458e-07
1.36271e-07
1.22062e-07
1.13021e-07
1.395e-07
1.29812e-07
1.29167e-07
1.27875e-07
1.21417e-07
1.34979e-07
1.32396e-07
1.36271e-07
1.27229e-07
1.40792e-07
1.47896e-07
1.30458e-07
1.42083e-07
1.34979e-07
1.395e-07
1.42083e-07
1.395e-07
1.45312e-07
1.38208e-07
1.46604e-07
1.45958e-07
1.44021e-07
1.44021e-07
1.53062e-07
1.55e-07
1.44667e-07
1.51771e-07
1.56292e-07
1.42083e-07
1.34979e-07
1.53708e-07
1.41437e-07
1.31104e-07
1.35625e-07
1.29167e-07
1.35625e-07
1.27875e-07
1.29812e-07
1.35625e-07
1.32396e-07
1.38208e-07
1.3175e-07
1.26583e-07
1.20125e-07
1.28521e-07
1.27229e-07
1.24646e-07
1.36917e-07
1.1625e-07
1.21417e-07
1.31104e-07
1.32396e-07
1.32396e-07
1.27229e-07
1.3175e-07
1.26583e-07
1.25938e-07
1.22708e-07
1.35625e-07
1.35625e-07
1.28521e-07
1.44667e-07
1.36917e-07
1.41437e-07
1.51771e-07
1.46604e-07
1.49187e-07
1.48542e-07
1.48542e-07
1.54354e-07
1.58875e-07
1.58875e-07
1.53708e-07
1.56292e-07
1.50479e-07
1.48542e-07
1.62104e-07
1.58875e-07
1.58229e-07
1.63396e-07
1.56937e-07
1.52417e-07
1.54354e-07
1.6275e-07
1.61458e-07
1.55646e-07
1.61458e-07
1.60812e-07
1.56292e-07
1.50479e-07
1.58229e-07
1.53708e-07
1.45312e-07
1.66625e-07
1.55646e-07
1.56937e-07
1.67271e-07
1.51125e-07
1.51771e-07
1.56937e-07
1.69208e-07
1.59521e-07
1.51771e-07
1.63396e-07
1.58229e-07
1.60812e-07
1.67917e-07
1.65979e-07
1.60812e-07
1.57583e-07
1.64042e-07
1.67917e-07
1.60812e-07
1.60167e-07
1.68562e-07
1.65979e-07
1.64687e-07
1.73729e-07
1.62104e-07
1.72437e-07
1.83417e-07
1.6275e-07
1.76312e-07
1.7825e-07
1.79542e-07
1.7825e-07
1.59521e-07
1.79542e-07
1.79542e-07
1.69854e-07
1.71146e-07
1.63396e-07
1.61458e-07
1.61458e-07
1.64042e-07
1.705e-07
1.74375e-07
1.69208e-07
1.75021e-07
1.79542e-07
1.72437e-07
1.74375e-07
1.79542e-07
1.84708e-07
1.74375e-07
1.67271e-07
1.76958e-07
1.73729e-07
1.74375e-07
1.71146e-07
1.71792e-07
1.69208e-07
1.6275e-07
1.71792e-07
1.67917e-07
1.73729e-07
1.84062e-07
1.76312e-07
1.76958e-07
1.76312e-07
1.71146e-07
1.79542e-07
1.76312e-07
1.75021e-07
1.81479e-07
1.75021e-07
1.86646e-07
1.86e-07
1.72437e-07
1.69208e-07
1.75667e-07
1.79542e-07
1.79542e-07
1.85354e-07
1.77604e-07
1.79542e-07
1.83417e-07
1.89875e-07
1.93104e-07
1.92458e-07
1.86646e-07
1.82771e-07
2.015e-07
1.95042e-07
1.91812e-07
1.96979e-07
1.91812e-07
1.89229e-07
1.80833e-07
1.90521e-07
1.96979e-07
1.87937e-07
1.90521e-07
1.88583e-07
1.84062e-07
1.78896e-07
1.78896e-07
1.91812e-07
1.96333e-07
1.87937e-07
1.82125e-07
1.85354e-07
1.86e-07
1.99562e-07
1.9375e-07
1.86646e-07
1.90521e-07
1.80833e-07
1.87937e-07
1.85354e-07
1.91167e-07
1.9375e-07
1.90521e-07
1.97625e-07
1.95688e-07
1.86646e-07
1.84062e-07
1.92458e-07
1.91812e-07
1.98271e-07
2.02792e-07
2.00208e-07
2.03437e-07
2.02146e-07
2.015e-07
1.90521e-07
1.90521e-07
1.95042e-07
1.91167e-07
1.83417e-07
1.87937e-07
1.93104e-07
1.81479e-07
1.84062e-07
1.80187e-07
1.76312e-07
1.89875e-07
1.85354e-07
1.71792e-07
1.83417e-07
1.81479e-07
1.74375e-07
1.85354e-07
1.83417e-07
1.85354e-07
1.71792e-07
1.66625e-07
1.91812e-07
1.84708e-07
1.78896e-07
1.84062e-07
1.65979e-07
1.62104e-07
1.67271e-07
1.80187e-07
1.78896e-07
1.6275e-07
1.71146e-07
1.58875e-07
1.67271e-07
1.67917e-07
1.53062e-07
1.56937e-07
1.42729e-07
1.42729e-07
1.49187e-07
1.49187e-07
1.42729e-07
1.44021e-07
1.44021e-07
1.37562e-07
1.30458e-07
1.34333e-07
1.4725e-07
1.34979e-07
1.395e-07
1.40146e-07
1.36917e-07
1.41437e-07
1.42083e-07
1.46604e-07
1.29812e-07
1.27875e-07
1.37562e-07
1.28521e-07
1.29812e-07
1.34333e-07
1.32396e-07
1.36917e-07
1.46604e-07
1.49833e-07
1.46604e-07
1.55646e-07
1.65979e-07
1.58875e-07
1.47896e-07
1.60812e-07
1.65979e-07
1.69208e-07
1.78896e-07
1.63396e-07
1.66625e-07
1.69208e-07
1.76312e-07
1.87937e-07
1.71146e-07
1.71792e-07
1.76312e-07
1.69208e-07
1.71146e-07
1.705e-07
1.705e-07
1.64687e-07
1.67271e-07
1.75667e-07
1.6275e-07
1.67917e-07
1.67917e-07
1.67271e-07
1.65333e-07
1.4725e-07
1.60167e-07
1.58229e-07
1.41437e-07
1.49833e-07
1.50479e-07
1.38854e-07
1.42083e-07
1.37562e-07
1.36271e-07
1.40792e-07
1.29167e-07
1.42729e-07
1.45958e-07
1.33687e-07
1.36271e-07
1.43375e-07
1.43375e-07
1.35625e-07
1.29167e-07
1.24e-07
1.34979e-07
1.33042e-07
1.31104e-07
1.31104e-07
1.20771e-07
1.20125e-07
1.17542e-07
1.35625e-07
1.27875e-07
1.20125e-07
1.33042e-07
1.20771e-07
1.25292e-07
1.1625e-07
1.19479e-07
1.26583e-07
1.11083e-07
1.13021e-07
1.18833e-07
1.29812e-07
1.21417e-07
1.16896e-07
1.13021e-07
1.11729e-07
1.13667e-07
1.05271e-07
1.07854e-07
9.42917e-08
1.00104e-07
1.07854e-07
1.06562e-07
1.17542e-07
1.10437e-07
1.11729e-07
1.13021e-07
1.13021e-07
1.10437e-07
1.03979e-07
1.07208e-07
1.04625e-07
1.05917e-07
1.19479e-07
1.22708e-07
1.13667e-07
1.20771e-07
1.22708e-07
1.18187e-07
1.23354e-07
1.16896e-07
1.16896e-07
1.21417e-07
1.22708e-07
1.31104e-07
1.29812e-07
1.35625e-07
1.32396e-07
1.395e-07
1.45312e-07
1.38208e-07
1.47896e-07
1.54354e-07
1.56937e-07
1.51125e-07
1.54354e-07
1.55e-07
1.63396e-07
1.62104e-07
1.51771e-07
1.66625e-07
1.67271e-07
1.68562e-07
1.65333e-07
1.69208e-07
1.75021e-07
1.74375e-07
1.77604e-07
1.72437e-07
1.80833e-07
1.84062e-07
1.80833e-07
1.86e-07
1.79542e-07
1.73083e-07
1.83417e-07
1.84062e-07
1.78896e-07
1.90521e-07
1.89229e-07
1.95688e-07
2.04729e-07
1.88583e-07
1.95688e-07
1.96333e-07
1.79542e-07
1.84708e-07
1.89229e-07
1.90521e-07
1.85354e-07
1.78896e-07
1.76958e-07
1.64687e-07
1.69208e-07
1.80833e-07
1.71146e-07
1.76958e-07
1.82771e-07
1.71146e-07
1.705e-07
1.81479e-07
1.85354e-07
1.77604e-07
1.69208e-07
1.73083e-07
1.74375e-07
1.65979e-07
1.73083e-07
1.77604e-07
1.66625e-07
1.76958e-07
1.80187e-07
1.74375e-07
1.89875e-07
1.86646e-07
1.80833e-07
1.84708e-07
1.91167e-07
1.87937e-07
1.7825e-07
1.87292e-07
1.82125e-07
1.82125e-07
1.86e-07
1.91167e-07
1.90521e-07
1.77604e-07
1.86646e-07
1.82771e-07
1.89229e-07
1.87292e-07
1.74375e-07
1.88583e-07
1.84708e-07
1.90521e-07
1.91167e-07
1.82771e-07
1.91167e-07
1.77604e-07
1.82125e-07
1.83417e-07
1.81479e-07
1.89875e-07
1.7825e-07
1.78896e-07
1.73083e-07
1.74375e-07
1.82771e-07
1.72437e-07
1.76958e-07
1.89875e-07
1.93104e-07
1.89875e-07
1.86646e-07
1.87292e-07
1.88583e-07
1.91812e-07
1.86646e-07
1.85354e-07
1.84708e-07
1.91812e-07
1.91812e-07
1.76958e-07
1.99562e-07
2.00208e-07
1.86e-07
1.95688e-07
1.91167e-07
1.99562e-07
2.00208e-07
1.99562e-07
2.06021e-07
1.87292e-07
1.87937e-07
1.86e-07
1.69854e-07
1.83417e-07
1.95688e-07
1.87292e-07
1.82771e-07
1.83417e-07
1.72437e-07
1.79542e-07
1.84708e-07
1.76312e-07
1.76958e-07
1.65979e-07
1.67917e-07
1.65979e-07
1.49187e-07
1.58875e-07
1.67271e-07
1.59521e-07
1.56937e-07
1.55646e-07
1.4725e-07
1.44021e-07
1.40792e-07
1.33687e-07
1.37562e-07
1.395e-07
1.37562e-07
1.38854e-07
1.33687e-07
1.35625e-07
1.27229e-07
1.23354e-07
1.36271e-07
1.18833e-07
1.18833e-07
1.22062e-07
1.09146e-07
1.11729e-07
1.085e-07
1.0075e-07
1.02687e-07
1.06562e-07
9.23542e-08
9.3e-08
9.6875e-08
9.75208e-08
1.0075e-07
9.94583e-08
1.02687e-07
9.62292e-08
9.17083e-08
9.3e-08
9.49375e-08
8.20208e-08
8.84792e-08
9.36458e-08
8.20208e-08
9.6875e-08
9.94583e-08
1.10437e-07
1.07854e-07
1.05917e-07
1.22062e-07
1.12375e-07
1.14958e-07
1.17542e-07
1.19479e-07
1.33042e-07
1.34979e-07
1.34333e-07
1.36917e-07
1.38208e-07
1.38854e-07
1.46604e-07
1.63396e-07
1.56937e-07
1.52417e-07
1.64687e-07
1.58875e-07
1.68562e-07
1.82771e-07
1.82771e-07
1.87937e-07
1.83417e-07
1.87292e-07
1.96979e-07
1.94396e-07
1.94396e-07
1.98917e-07
2.06667e-07
2.07958e-07
2.14417e-07
2.22167e-07
2.14417e-07
2.14417e-07
2.28625e-07
2.46062e-07
2.30562e-07
2.27979e-07
2.35729e-07
2.37021e-07
2.48646e-07
2.33146e-07
2.44771e-07
2.50583e-07
2.42187e-07
2.56396e-07
2.53167e-07
2.49938e-07
2.43479e-07
2.38958e-07
2.48e-07
2.48e-07
2.45417e-07
2.49292e-07
2.42187e-07
2.59625e-07
2.60917e-07
2.45417e-07
2.52521e-07
2.44771e-07
2.46708e-07
2.42187e-07
2.33792e-07
2.39604e-07
2.40896e-07
2.42833e-07
2.37021e-07
2.31854e-07
2.36375e-07
2.35083e-07
2.31208e-07
2.325e-07
2.325e-07
2.24104e-07
2.20229e-07
2.35729e-07
2.38312e-07
2.35083e-07
2.33792e-07
2.23458e-07
2.08604e-07
2.13125e-07
2.18292e-07
2.09896e-07
2.11833e-07
1.99562e-07
1.92458e-07
1.94396e-07
2.03437e-07
1.99562e-07
1.82125e-07
1.85354e-07
1.82125e-07
1.86646e-07
1.80833e-07
1.73083e-07
1.65333e-07
1.73083e-07
1.71792e-07
1.53062e-07
1.705e-07
1.55e-07
1.53062e-07
1.59521e-07
1.45312e-07
1.44667e-07
1.31104e-07
1.26583e-07
1.15604e-07
1.14958e-07
1.16896e-07
1.04625e-07
1.085e-07
1.03333e-07
1.09146e-07
1.03333e-07
9.42917e-08
1.04625e-07
8.84792e-08
8.97708e-08
8.39583e-08
8.00833e-08
9.3e-08
8.00833e-08
8.00833e-08
6.26458e-08
6.13542e-08
6.65208e-08
5.8125e-08
6.52292e-08
5.94167e-08
5.0375e-08
4.97292e-08
5.425e-08
4.97292e-08
4.84375e-08
4.71458e-08
4.77917e-08
4.00417e-08
3.1e-08
3.4875e-08
3.42292e-08
4.2625e-08
4.06875e-08
2.90625e-08
2.7125e-08
3.16458e-08
2.90625e-08
3.03542e-08
3.81042e-08
3.81042e-08
4.2625e-08
4.32708e-08
3.55208e-08
4.45625e-08
4.71458e-08
4.19792e-08
5.36042e-08
5.10208e-08
5.29583e-08
6.52292e-08
6.26458e-08
6.5875e-08
6.975e-08
7.3625e-08
7.75e-08
7.55625e-08
7.81458e-08
9.3e-08
9.17083e-08
8.39583e-08
9.75208e-08
9.17083e-08
9.49375e-08
1.0075e-07
9.42917e-08
1.09792e-07
1.20125e-07
1.29167e-07
1.27875e-07
1.24e-07
1.22708e-07
1.24e-07
1.42083e-07
1.38854e-07
1.31104e-07
1.42083e-07
1.38208e-07
1.3175e-07
1.52417e-07
1.48542e-07
1.46604e-07
1.61458e-07
1.56937e-07
1.64042e-07
1.69208e-07
1.67917e-07
1.71146e-07
1.80187e-07
1.84062e-07
1.83417e-07
1.89875e-07
1.98917e-07
2.04729e-07
2.04083e-07
2.03437e-07
2.08604e-07
2.05375e-07
1.95688e-07
2.12479e-07
2.13771e-07
2.12479e-07
2.14417e-07
2.04083e-07
2.09896e-07
2.11833e-07
2.0925e-07
2.06667e-07
2.0925e-07
2.015e-07
1.95042e-07
1.99562e-07
2.00208e-07
2.02792e-07
1.90521e-07
1.91812e-07
2.015e-07
1.99562e-07
2.04083e-07
2.015e-07
2.07958e-07
2.00208e-07
1.90521e-07
1.97625e-07
1.82125e-07
1.96333e-07
2.10542e-07
1.93104e-07
1.96333e-07
1.91167e-07
1.86e-07
1.97625e-07
1.87937e-07
1.78896e-07
1.84062e-07
1.84062e-07
1.92458e-07
2.00854e-07
1.96333e-07
1.91812e-07
1.93104e-07
1.9375e-07
1.85354e-07
1.82771e-07
1.87937e-07
1.71146e-07
1.76312e-07
1.84062e-07
1.74375e-07
1.83417e-07
1.75667e-07
1.71792e-07
1.79542e-07
1.75667e-07
1.71792e-07
1.80833e-07
1.80833e-07
1.73083e-07
1.78896e-07
1.82125e-07
1.75021e-07
1.72437e-07
1.76958e-07
1.69208e-07
1.69208e-07
1.69854e-07
1.69854e-07
1.76312e-07
1.75021e-07
1.77604e-07
1.7825e-07
1.83417e-07
1.78896e-07
1.71792e-07
1.80833e-07
1.89229e-07
1.91812e-07
1.91167e-07
1.94396e-07
1.79542e-07
1.88583e-07
1.89875e-07
1.78896e-07
1.94396e-07
1.7825e-07
1.80187e-07
1.76958e-07
1.64042e-07
1.75667e-07
1.75667e-07
1.76958e-07
1.65979e-07
1.72437e-07
1.73729e-07
1.63396e-07
1.72437e-07
1.65333e-07
1.56937e-07
1.63396e-07
1.63396e-07
1.52417e-07
1.52417e-07
1.59521e-07
1.46604e-07
1.49833e-07
1.6275e-07
1.54354e-07
1.51771e-07
1.4725e-07
1.51771e-07
1.50479e-07
1.34333e-07
1.42729e-07
1.40792e-07
1.38854e-07
1.38208e-07
1.34333e-07
1.395e-07
1.32396e-07
1.38208e-07
1.36271e-07
1.42083e-07
1.36917e-07
1.26583e-07
1.34333e-07
1.24646e-07
1.45958e-07
1.44021e-07
1.38854e-07
1.52417e-07
1.45312e-07
1.56937e-07
1.50479e-07
1.44667e-07
1.56937e-07
1.58875e-07
1.56937e-07
1.6275e-07
1.73083e-07
1.73083e-07
1.64687e-07
1.65979e-07
1.71146e-07
1.64687e-07
1.72437e-07
1.7825e-07
1.85354e-07
1.93104e-07
1.81479e-07
1.80187e-07
1.89875e-07
1.96333e-07
1.82771e-07
1.96979e-07
2.04729e-07
1.89229e-07
2.06021e-07
2.0925e-07
2.11833e-07
1.99562e-07
2.00854e-07
2.09896e-07
1.95688e-07
1.99562e-07
2.00208e-07
2.19583e-07
2.13125e-07
1.97625e-07
2.03437e-07
2.08604e-07
2.0925e-07
1.98917e-07
2.18292e-07
2.18292e-07
2.0925e-07
2.18292e-07
2.22812e-07
2.18292e-07
2.29271e-07
2.29271e-07
2.15708e-07
2.33792e-07
2.16354e-07
2.18937e-07
2.26042e-07
2.07958e-07
2.20229e-07
2.20875e-07
2.27333e-07
2.29271e-07
2.21521e-07
2.26042e-07
2.26688e-07
2.25396e-07
2.25396e-07
2.22167e-07
2.19583e-07
2.25396e-07
2.26042e-07
2.26042e-07
2.28625e-07
2.19583e-07
2.16354e-07
2.15063e-07
2.09896e-07
2.13125e-07
2.10542e-07
2.07312e-07
2.11833e-07
2.15708e-07
2.07312e-07
2.02146e-07
1.98271e-07
1.94396e-07
1.97625e-07
1.93104e-07
2.07958e-07
2.07312e-07
1.90521e-07
1.98917e-07
1.96333e-07
1.95042e-07
1.89229e-07
1.86e-07
1.93104e-07
1.79542e-07
1.85354e-07
1.91812e-07
1.95688e-07
1.99562e-07
1.84708e-07
1.95688e-07
1.96333e-07
1.81479e-07
1.89229e-07
1.91167e-07
1.93104e-07
1.97625e-07
1.89229e-07
1.87292e-07
1.9375e-07
2.03437e-07
1.98917e-07
1.86646e-07
1.89229e-07
1.89229e-07
1.91812e-07
1.96333e-07
2.015e-07
1.98271e-07
1.96333e-07
2.00208e-07
1.97625e-07
2.02146e-07
1.98917e-07
1.98917e-07
1.9375e-07
1.89875e-07
1.9375e-07
1.86e-07
1.81479e-07
1.78896e-07
1.77604e-07
1.75667e-07
1.68562e-07
1.60167e-07
1.62104e-07
1.51125e-07
1.45958e-07
1.57583e-07
1.41437e-07
1.40146e-07
1.38854e-07
1.19479e-07
1.29812e-07
1.40792e-07
1.25938e-07
1.26583e-07
1.24646e-07
1.14958e-07
1.14958e-07
9.62292e-08
9.10625e-08
9.6875e-08
9.23542e-08
9.04167e-08
8.78333e-08
9.10625e-08
7.75e-08
7.42708e-08
8.58958e-08
7.81458e-08
6.91042e-08
6.975e-08
7.10417e-08
6.32917e-08
6.2e-08
5.8125e-08
5.425e-08
5.23125e-08
5.29583e-08
4.90833e-08
3.875e-08
4.45625e-08
3.875e-08
3.81042e-08
4.45625e-08
4.19792e-08
4.45625e-08
3.74583e-08
3.55208e-08
4.13333e-08
2.325e-08
2.64792e-08
3.4875e-08
3.29375e-08
3.81042e-08
3.61667e-08
4.84375e-08
3.68125e-08
4.84375e-08
5.29583e-08
4.84375e-08
6.39375e-08
5.74792e-08
7.3625e-08
6.39375e-08
7.23333e-08
8.33125e-08
8.46042e-08
9.42917e-08
8.20208e-08
8.46042e-08
8.46042e-08
9.62292e-08
9.3e-08
9.55833e-08
1.0075e-07
1.02042e-07
1.14958e-07
1.03333e-07
1.03333e-07
1.0075e-07
9.3e-08
1.085e-07
1.17542e-07
1.13667e-07
1.19479e-07
1.25938e-07
1.11729e-07
1.085e-07
1.14312e-07
1.18833e-07
1.30458e-07
1.28521e-07
1.27229e-07
1.25292e-07
1.36271e-07
1.36271e-07
1.27875e-07
1.40146e-07
1.25292e-07
1.33687e-07
1.46604e-07
1.395e-07
1.45958e-07
1.42083e-07
1.42083e-07
1.47896e-07
1.54354e-07
1.58229e-07
1.56292e-07
1.56292e-07
1.65333e-07
1.71146e-07
1.705e-07
1.71792e-07
1.73083e-07
1.79542e-07
1.77604e-07
1.84062e-07
1.93104e-07
1.82771e-07
1.86646e-07
1.79542e-07
1.77604e-07
1.97625e-07
1.81479e-07
1.79542e-07
1.86e-07
1.76312e-07
1.81479e-07
1.85354e-07
1.7825e-07
1.72437e-07
1.81479e-07
1.72437e-07
1.705e-07
1.65979e-07
1.58875e-07
1.74375e-07
1.58229e-07
1.60167e-07
1.58875e-07
1.50479e-07
1.55e-07
1.38208e-07
1.43375e-07
1.44667e-07
1.45958e-07
1.52417e-07
1.51771e-07
1.55646e-07
1.42083e-07
1.42729e-07
1.44667e-07
1.40146e-07
1.53062e-07
1.42083e-07
1.33687e-07
1.40792e-07
1.29812e-07
1.25292e-07
1.34979e-07
1.43375e-07
1.36271e-07
1.31104e-07
1.34979e-07
1.27229e-07
1.25292e-07
1.38854e-07
1.29167e-07
1.20125e-07
1.20125e-07
1.04625e-07
1.12375e-07
1.24646e-07
1.27229e-07
1.24646e-07
1.24e-07
1.33042e-07
1.30458e-07
1.31104e-07
1.29812e-07
1.24e-07
1.30458e-07
1.395e-07
1.40792e-07
1.42729e-07
1.51771e-07
1.55646e-07
1.44021e-07
1.4725e-07
1.59521e-07
1.61458e-07
1.69208e-07
1.57583e-07
1.58875e-07
1.60167e-07
1.53062e-07
1.65979e-07
1.51771e-07
1.51125e-07
1.56937e-07
1.56937e-07
1.71146e-07
1.65333e-07
1.63396e-07
1.60812e-07
1.6275e-07
1.56937e-07
1.53708e-07
1.63396e-07
1.4725e-07
1.4725e-07
1.53708e-07
1.44667e-07
1.56292e-07
1.6275e-07
1.50479e-07
1.47896e-07
1.51125e-07
1.53708e-07
1.56937e-07
1.40792e-07
1.54354e-07
1.69854e-07
1.55646e-07
1.55e-07
1.54354e-07
1.58229e-07
1.62104e-07
1.55646e-07
1.56292e-07
1.71146e-07
1.73083e-07
1.80187e-07
1.86646e-07
1.88583e-07
1.90521e-07
1.86e-07
1.94396e-07
1.84708e-07
1.84708e-07
2.015e-07
2.015e-07
1.93104e-07
2.06021e-07
2.17646e-07
2.11187e-07
2.15063e-07
2.17e-07
2.29271e-07
2.2475e-07
2.16354e-07
2.29917e-07
2.31208e-07
2.44771e-07
2.53167e-07
2.42833e-07
2.36375e-07
2.45417e-07
2.55104e-07
2.46062e-07
2.47354e-07
2.49292e-07
2.51875e-07
2.61562e-07
2.65437e-07
2.58979e-07
2.62208e-07
2.77708e-07
2.66729e-07
2.66083e-07
2.69958e-07
2.70604e-07
2.77062e-07
2.74479e-07
2.73833e-07
2.69958e-07
2.79646e-07
2.80937e-07
2.84167e-07
2.79e-07
2.82875e-07
2.97083e-07
2.84167e-07
2.90625e-07
2.83521e-07
2.88688e-07
2.91271e-07
2.92562e-07
2.99021e-07
2.8675e-07
2.92562e-07
2.80292e-07
2.88688e-07
2.88042e-07
2.81583e-07
2.79e-07
2.66729e-07
2.82229e-07
2.82229e-07
2.81583e-07
2.73833e-07
2.76417e-07
2.80937e-07
2.72542e-07
2.67375e-07
2.68021e-07
2.68667e-07
2.54458e-07
2.60917e-07
2.58333e-07
2.5575e-07
2.58333e-07
2.53167e-07
2.50583e-07
2.41542e-07
2.42187e-07
2.46708e-07
2.48646e-07
2.325e-07
2.29271e-07
2.29271e-07
2.27333e-07
2.33146e-07
2.22167e-07
2.15063e-07
2.04083e-07
2.17646e-07
2.20229e-07
2.11187e-07
2.11833e-07
2.00208e-07
2.06667e-07
1.98271e-07
1.92458e-07
1.89875e-07
1.75667e-07
1.80833e-07
1.80187e-07
1.76312e-07
1.71792e-07
1.65979e-07
1.67917e-07
1.71146e-07
1.62104e-07
1.46604e-07
1.49833e-07
1.58875e-07
1.52417e-07
1.45958e-07
1.44021e-07
1.44021e-07
1.47896e-07
1.34333e-07
1.29167e-07
1.42083e-07
1.36271e-07
1.29812e-07
1.23354e-07
1.22708e-07
1.30458e-07
1.31104e-07
1.17542e-07
1.10437e-07
1.17542e-07
1.06562e-07
1.14958e-07
1.17542e-07
1.07208e-07
1.09146e-07
1.05271e-07
1.09146e-07
1.12375e-07
1.20125e-07
1.07208e-07
9.94583e-08
1.05917e-07
1.00104e-07
1.11083e-07
1.04625e-07
9.23542e-08
9.75208e-08
9.42917e-08
9.94583e-08
1.04625e-07
9.6875e-08
1.00104e-07
1.00104e-07
1.03979e-07
1.04625e-07
9.81667e-08
9.81667e-08
9.17083e-08
9.36458e-08
1.07208e-07
1.0075e-07
9.55833e-08
9.94583e-08
1.01396e-07
1.05271e-07
9.36458e-08
8.65417e-08
8.65417e-08
8.97708e-08
8.525e-08
7.42708e-08
8.1375e-08
8.46042e-08
8.78333e-08
8.65417e-08
7.87917e-08
8.84792e-08
8.9125e-08
8.1375e-08
9.62292e-08
9.3e-08
9.10625e-08
1.01396e-07
8.84792e-08
9.04167e-08
9.94583e-08
9.10625e-08
8.20208e-08
9.36458e-08
9.6875e-08
8.26667e-08
8.07292e-08
9.36458e-08
9.49375e-08
8.26667e-08
1.02042e-07
1.00104e-07
8.58958e-08
9.75208e-08
9.42917e-08
9.55833e-08
9.49375e-08
8.9125e-08
9.42917e-08
9.75208e-08
8.78333e-08
8.39583e-08
9.42917e-08
9.49375e-08
9.10625e-08
9.3e-08
8.58958e-08
